src_id: int64	dst_id: int64	weight: double
35	1033	0.0
35	103482	0.0
35	103515	0.0
35	1050679	0.0
35	1103960	0.0
35	1103985	0.0
35	1109199	0.0
35	1112911	0.0
35	1113438	0.0
35	1113831	0.0
35	1114331	0.0
35	1117476	0.0
35	1119505	0.0
35	1119708	0.0
35	1120431	0.0
35	1123756	0.0
35	1125386	0.0
35	1127430	0.0
35	1127913	0.0
35	1128204	0.0
35	1128227	0.0
35	1128314	0.0
35	1128453	0.0
35	1128945	0.0
35	1128959	0.0
35	1128985	0.0
35	1129018	0.0
35	1129027	0.0
35	1129573	0.0
35	1129683	0.0
35	1129778	0.0
35	1130847	0.0
35	1130856	0.0
35	1131116	0.0
35	1131360	0.0
35	1131557	0.0
35	1131752	0.0
35	1133196	0.0
35	1133338	0.0
35	1136814	0.0
35	1137466	0.0
35	1152421	0.0
35	1152508	0.0
35	1153065	0.0
35	1153280	0.0
35	1153577	0.0
35	1153853	0.0
35	1153943	0.0
35	1154176	0.0
35	1154459	0.0
35	116552	0.0
35	12576	0.0
35	128540	0.0
35	132806	0.0
35	135130	0.0
35	141342	0.0
35	141347	0.0
35	148170	0.0
35	15670	0.0
35	1688	0.0
35	175291	0.0
35	178727	0.0
35	18582	0.0
35	190697	0.0
35	190706	0.0
35	1956	0.0
35	197054	0.0
35	198443	0.0
35	198653	0.0
35	206371	0.0
35	210871	0.0
35	229635	0.0
35	231249	0.0
35	248425	0.0
35	249421	0.0
35	254923	0.0
35	259701	0.0
35	259702	0.0
35	263279	0.0
35	263498	0.0
35	265203	0.0
35	273152	0.0
35	27510	0.0
35	28290	0.0
35	286500	0.0
35	287787	0.0
35	28851	0.0
35	289779	0.0
35	289780	0.0
35	289781	0.0
35	307015	0.0
35	335733	0.0
35	33904	0.0
35	33907	0.0
35	35061	0.0
35	38205	0.0
35	387795	0.0
35	415693	0.0
35	41714	0.0
35	427606	0.0
35	44368	0.0
35	45599	0.0
35	46079	0.0
35	46431	0.0
35	486840	0.0
35	48766	0.0
35	503883	0.0
35	503893	0.0
35	513189	0.0
35	54129	0.0
35	54131	0.0
35	56119	0.0
35	561238	0.0
35	568857	0.0
35	573964	0.0
35	573978	0.0
35	574009	0.0
35	574264	0.0
35	574462	0.0
35	575077	0.0
35	575292	0.0
35	575331	0.0
35	576725	0.0
35	576795	0.0
35	577227	0.0
35	578780	0.0
35	579008	0.0
35	592973	0.0
35	593091	0.0
35	593105	0.0
35	593240	0.0
35	593260	0.0
35	593813	0.0
35	594047	0.0
35	594543	0.0
35	594649	0.0
35	594900	0.0
35	608326	0.0
35	634902	0.0
35	634904	0.0
35	634938	0.0
35	634975	0.0
35	640617	0.0
35	646809	0.0
35	646837	0.0
35	647408	0.0
35	647447	0.0
35	66556	0.0
35	66563	0.0
35	66805	0.0
35	69284	0.0
35	69296	0.0
35	694759	0.0
35	735303	0.0
35	78511	0.0
35	787016	0.0
35	801170	0.0
35	81722	0.0
35	82098	0.0
35	84021	0.0
35	85352	0.0
35	86359	0.0
35	8865	0.0
35	887	0.0
35	97645	0.0
35	98698	0.0
40	1109017	0.0
40	1114442	0.0
40	116552	0.0
114	1103315	0.0
114	1105394	0.0
114	1106112	0.0
114	1106172	0.0
114	1106406	0.0
114	1107455	0.0
114	1111052	0.0
114	1114125	0.0
114	1117942	0.0
114	1118245	0.0
114	1118332	0.0
114	1120170	0.0
114	1126029	0.0
114	124064	0.0
114	128	0.0
114	130	0.0
114	136665	0.0
114	191404	0.0
114	193742	0.0
114	23258	0.0
114	28227	0.0
114	28287	0.0
114	28350	0.0
114	28387	0.0
114	28471	0.0
114	28485	0.0
114	341188	0.0
114	38480	0.0
114	39403	0.0
114	434	0.0
114	55968	0.0
114	58540	0.0
114	6155	0.0
114	6170	0.0
114	6196	0.0
114	6220	0.0
114	64484	0.0
114	7432	0.0
114	755217	0.0
114	8213	0.0
114	91975	0.0
114	976334	0.0
117	1109581	0.0
117	149669	0.0
117	17476	0.0
117	189708	0.0
117	206259	0.0
117	28202	0.0
117	28278	0.0
117	28387	0.0
117	28471	0.0
117	32872	0.0
117	33013	0.0
117	341188	0.0
117	38480	0.0
117	39403	0.0
117	6170	0.0
117	6214	0.0
117	75674	0.0
128	1114125	0.0
128	20526	0.0
128	39403	0.0
128	91975	0.0
130	13960	0.0
130	345340	0.0
130	39403	0.0
288	1118092	0.0
288	36167	0.0
424	1135125	0.0
424	218666	0.0
424	47684	0.0
434	267003	0.0
463	58454	0.0
504	1102364	0.0
504	1112650	0.0
504	506	0.0
504	89416	0.0
506	1102364	0.0
506	1106546	0.0
506	89416	0.0
887	10796	0.0
887	1105033	0.0
887	1111304	0.0
887	1112911	0.0
887	1113614	0.0
887	114308	0.0
887	12576	0.0
887	134128	0.0
887	161221	0.0
887	170798	0.0
887	17476	0.0
887	19045	0.0
887	20972	0.0
887	265203	0.0
887	28456	0.0
887	299195	0.0
887	299197	0.0
887	334153	0.0
887	35490	0.0
887	38205	0.0
887	595056	0.0
887	6151	0.0
887	6213	0.0
887	6215	0.0
887	64519	0.0
887	87363	0.0
887	976334	0.0
906	1103979	0.0
906	1105344	0.0
906	1114352	0.0
906	1136397	0.0
906	1140040	0.0
906	34355	0.0
906	910	0.0
910	1104379	0.0
910	1105344	0.0
910	1105530	0.0
910	1108834	0.0
910	1110520	0.0
910	1114118	0.0
910	1116569	0.0
910	1118848	0.0
910	1120858	0.0
910	1122460	0.0
910	1126044	0.0
910	1129111	0.0
910	1135137	0.0
910	1140040	0.0
910	1152194	0.0
910	12439	0.0
910	12946	0.0
910	131042	0.0
910	13136	0.0
910	160705	0.0
910	227286	0.0
910	242637	0.0
910	28278	0.0
910	31043	0.0
910	340075	0.0
910	340078	0.0
910	34355	0.0
910	35905	0.0
910	42847	0.0
910	436796	0.0
910	48550	0.0
910	5462	0.0
910	576257	0.0
910	58552	0.0
910	5869	0.0
910	636511	0.0
910	67292	0.0
910	675649	0.0
910	684372	0.0
910	755217	0.0
910	94953	0.0
936	1107010	0.0
936	1111899	0.0
936	129558	0.0
936	1956	0.0
936	207395	0.0
936	3084	0.0
936	3828	0.0
936	38845	0.0
940	20180	0.0
940	28265	0.0
940	3828	0.0
941	129558	0.0
941	20180	0.0
941	28265	0.0
941	3828	0.0
941	940	0.0
943	1152896	0.0
943	3828	0.0
943	91852	0.0
1026	1034	0.0
1026	1102550	0.0
1026	1105231	0.0
1026	1129798	0.0
1026	1153945	0.0
1033	1034	0.0
1033	1107062	0.0
1034	1153945	0.0
1035	1034	0.0
1035	1107062	0.0
1035	1110515	0.0
1213	1154525	0.0
1213	409725	0.0
1213	8766	0.0
1237	102938	0.0
1237	1102400	0.0
1237	1106112	0.0
1237	143676	0.0
1246	1102400	0.0
1246	1104007	0.0
1246	42207	0.0
1246	57764	0.0
1246	6125	0.0
1272	1102625	0.0
1272	1108167	0.0
1272	1120962	0.0
1272	112378	0.0
1272	1123867	0.0
1272	1128256	0.0
1272	1129208	0.0
1272	1135125	0.0
1272	1135358	0.0
1272	157805	0.0
1272	18615	0.0
1272	192734	0.0
1272	20593	0.0
1272	254923	0.0
1272	27230	0.0
1272	284414	0.0
1272	30895	0.0
1272	30901	0.0
1272	444240	0.0
1272	520471	0.0
1272	52835	0.0
1272	552469	0.0
1272	560936	0.0
1272	591016	0.0
1272	636098	0.0
1272	65653	0.0
1272	6917	0.0
1272	6923	0.0
1272	85452	0.0
1272	85688	0.0
1272	93923	0.0
1272	97892	0.0
1365	1031453	0.0
1365	1102407	0.0
1365	1105062	0.0
1365	1106287	0.0
1365	1108050	0.0
1365	1110494	0.0
1365	1110998	0.0
1365	1113995	0.0
1365	1114153	0.0
1365	1114352	0.0
1365	1114388	0.0
1365	1114605	0.0
1365	1116347	0.0
1365	1116594	0.0
1365	1117653	0.0
1365	1119140	0.0
1365	1120211	0.0
1365	1120866	0.0
1365	1128839	0.0
1365	1129443	0.0
1365	1130600	0.0
1365	1131647	0.0
1365	1131745	0.0
1365	1131748	0.0
1365	1132922	0.0
1365	1132968	0.0
1365	1135137	0.0
1365	1135368	0.0
1365	1136422	0.0
1365	1136442	0.0
1365	1152143	0.0
1365	1152821	0.0
1365	1154169	0.0
1365	120084	0.0
1365	139865	0.0
1365	157401	0.0
1365	161221	0.0
1365	171225	0.0
1365	184918	0.0
1365	188318	0.0
1365	188471	0.0
1365	22835	0.0
1365	23448	0.0
1365	23502	0.0
1365	23507	0.0
1365	237521	0.0
1365	26850	0.0
1365	330148	0.0
1365	340075	0.0
1365	340299	0.0
1365	39904	0.0
1365	436796	0.0
1365	49482	0.0
1365	560936	0.0
1365	562123	0.0
1365	628500	0.0
1365	648232	0.0
1365	649731	0.0
1365	69392	0.0
1365	7276	0.0
1365	7297	0.0
1365	77758	0.0
1365	782486	0.0
1365	83826	0.0
1365	85299	0.0
1365	853150	0.0
1365	90888	0.0
1365	93555	0.0
1365	948299	0.0
1365	948846	0.0
1365	949318	0.0
1365	949511	0.0
1365	950052	0.0
1365	950305	0.0
1481	1102567	0.0
1481	1106052	0.0
1481	1108267	0.0
1481	1111614	0.0
1481	1113934	0.0
1481	1114864	0.0
1481	1117184	0.0
1481	1119295	0.0
1481	1120563	0.0
1481	1153891	0.0
1481	13960	0.0
1481	200480	0.0
1481	399173	0.0
1481	4878	0.0
1481	521207	0.0
1481	521269	0.0
1688	1103985	0.0
1688	1131360	0.0
1688	1133338	0.0
1688	1134022	0.0
1688	1136814	0.0
1688	1153065	0.0
1688	152483	0.0
1688	1694	0.0
1688	39474	0.0
1688	44368	0.0
1688	576725	0.0
1688	647413	0.0
1688	69284	0.0
1688	694759	0.0
1688	84021	0.0
1694	39474	0.0
1717	1115291	0.0
1717	1116336	0.0
1717	1135108	0.0
1717	50381	0.0
1717	733167	0.0
1786	35797	0.0
1817	1114502	0.0
1919	1108389	0.0
1919	1109581	0.0
1949	129042	0.0
1949	3101	0.0
1951	3095	0.0
1952	1107215	0.0
1952	1111899	0.0
1952	1949	0.0
1952	3101	0.0
1953	1153166	0.0
1953	1153724	0.0
1953	1153728	0.0
1953	1949	0.0
1955	110163	0.0
1955	1110390	0.0
1955	1125386	0.0
1955	1956	0.0
1956	101143	0.0
1956	1111899	0.0
1956	1118302	0.0
1956	1153101	0.0
1956	1153150	0.0
1956	1817	0.0
1956	263486	0.0
1956	83449	0.0
1959	101143	0.0
1959	1152896	0.0
1959	1153728	0.0
1959	170798	0.0
1959	207395	0.0
1959	3097	0.0
1959	310530	0.0
1959	38839	0.0
1959	73327	0.0
1959	82664	0.0
1997	1102442	0.0
1997	1108551	0.0
1997	1109439	0.0
1997	1109542	0.0
1997	129897	0.0
1997	154982	0.0
1997	3233	0.0
1997	49811	0.0
1997	7032	0.0
1999	1102442	0.0
1999	1123068	0.0
1999	1131471	0.0
1999	39126	0.0
1999	6771	0.0
2354	10186	0.0
2354	1107140	0.0
2354	1113852	0.0
2354	1130539	0.0
2354	154134	0.0
2354	40151	0.0
2354	74749	0.0
2440	1000012	0.0
2440	1061127	0.0
2440	1106388	0.0
2440	1107095	0.0
2440	1108551	0.0
2440	1110426	0.0
2440	1114512	0.0
2440	1117786	0.0
2440	1119295	0.0
2440	1120650	0.0
2440	1127619	0.0
2440	1153254	0.0
2440	136766	0.0
2440	136768	0.0
2440	151430	0.0
2440	18615	0.0
2440	212777	0.0
2440	23546	0.0
2440	27230	0.0
2440	49811	0.0
2440	49843	0.0
2440	49844	0.0
2440	49847	0.0
2440	582343	0.0
2440	591016	0.0
2440	591017	0.0
2440	63931	0.0
2440	6917	0.0
2440	6923	0.0
2440	72908	0.0
2653	102406	0.0
2653	107177	0.0
2653	1104055	0.0
2653	1116268	0.0
2653	1116842	0.0
2653	1118764	0.0
2653	1119751	0.0
2653	1152075	0.0
2653	167656	0.0
2653	175291	0.0
2653	197783	0.0
2653	28641	0.0
2653	321861	0.0
2653	350362	0.0
2653	4660	0.0
2653	59045	0.0
2653	6125	0.0
2653	65650	0.0
2654	1104851	0.0
2654	1106630	0.0
2654	1107861	0.0
2654	1110438	0.0
2654	1116842	0.0
2654	1121867	0.0
2654	1123926	0.0
2654	1152075	0.0
2654	197783	0.0
2654	211906	0.0
2654	27250	0.0
2654	463825	0.0
2654	52784	0.0
2658	1115375	0.0
2658	1130676	0.0
2658	1130808	0.0
2658	1131607	0.0
2658	1132948	0.0
2658	1135899	0.0
2658	1140230	0.0
2658	230884	0.0
2658	236759	0.0
2658	282700	0.0
2658	395540	0.0
2658	578347	0.0
2658	696342	0.0
2658	696345	0.0
2658	696346	0.0
2658	751408	0.0
2658	99023	0.0
2663	1119671	0.0
2665	1105574	0.0
2665	1113035	0.0
2665	1115375	0.0
2665	1122704	0.0
2665	1130676	0.0
2665	1130808	0.0
2665	1131607	0.0
2665	1132486	0.0
2665	1132948	0.0
2665	1132968	0.0
2665	205192	0.0
2665	230884	0.0
2665	237489	0.0
2665	2658	0.0
2665	395540	0.0
2665	43639	0.0
2665	578306	0.0
2665	578309	0.0
2665	578337	0.0
2665	578347	0.0
2665	582139	0.0
2665	630817	0.0
2665	631052	0.0
2665	696345	0.0
2665	696346	0.0
2665	751408	0.0
2665	763009	0.0
2665	99023	0.0
2695	1108169	0.0
2695	1120197	0.0
2695	2698	0.0
2695	342802	0.0
2696	1108050	0.0
2696	1108169	0.0
2696	1113035	0.0
2696	1114192	0.0
2696	1118083	0.0
2696	1120858	0.0
2696	1123239	0.0
2696	1133004	0.0
2696	160705	0.0
2696	256106	0.0
2696	2695	0.0
2696	2698	0.0
2696	342802	0.0
2696	469504	0.0
2696	5348	0.0
2696	5869	0.0
2696	99025	0.0
2698	1114192	0.0
2698	256106	0.0
2698	2695	0.0
2698	342802	0.0
2698	99025	0.0
2702	1120777	0.0
2702	12330	0.0
2702	395553	0.0
2702	72056	0.0
3084	1107171	0.0
3084	255233	0.0
3084	33303	0.0
3085	15889	0.0
3085	221302	0.0
3085	30973	0.0
3085	395725	0.0
3085	5062	0.0
3085	83449	0.0
3095	110162	0.0
3095	110163	0.0
3095	218682	0.0
3095	83449	0.0
3097	1106236	0.0
3097	129045	0.0
3097	1949	0.0
3097	1952	0.0
3097	3101	0.0
3101	110162	0.0
3101	110163	0.0
3101	110164	0.0
3101	70441	0.0
3112	103529	0.0
3112	110163	0.0
3112	110164	0.0
3112	1152564	0.0
3112	1949	0.0
3112	470511	0.0
3112	77826	0.0
3112	77829	0.0
3187	1110000	0.0
3187	129896	0.0
3187	129897	0.0
3187	280876	0.0
3187	5086	0.0
3191	105865	0.0
3191	1106789	0.0
3191	1127530	0.0
3191	1131267	0.0
3191	129896	0.0
3191	129897	0.0
3191	137873	0.0
3191	162664	0.0
3191	308920	0.0
3191	310742	0.0
3191	3192	0.0
3191	423463	0.0
3191	5086	0.0
3191	561364	0.0
3191	642827	0.0
3192	105865	0.0
3192	129896	0.0
3192	310742	0.0
3192	3191	0.0
3192	423463	0.0
3192	5086	0.0
3192	561364	0.0
3192	642827	0.0
3217	1000012	0.0
3217	167670	0.0
3217	238099	0.0
3217	65653	0.0
3217	86840	0.0
3218	1106492	0.0
3218	1110426	0.0
3218	1119987	0.0
3218	1120169	0.0
3218	1152290	0.0
3218	1153264	0.0
3218	187354	0.0
3218	277263	0.0
3218	35070	0.0
3218	417017	0.0
3218	49843	0.0
3218	6639	0.0
3218	66782	0.0
3218	6767	0.0
3218	6941	0.0
3220	1115677	0.0
3220	1125992	0.0
3220	1128430	0.0
3220	1130634	0.0
3220	1131728	0.0
3220	1132706	0.0
3220	120039	0.0
3220	145215	0.0
3220	167670	0.0
3220	346243	0.0
3220	36620	0.0
3220	39124	0.0
3220	40922	0.0
3220	429805	0.0
3220	654177	0.0
3220	69397	0.0
3220	8832	0.0
3222	1103737	0.0
3222	1114222	0.0
3222	1131137	0.0
3222	1132157	0.0
3222	167656	0.0
3222	964248	0.0
3223	1132157	0.0
3223	1153101	0.0
3223	1153150	0.0
3223	167656	0.0
3223	167670	0.0
3229	100197	0.0
3229	1050679	0.0
3229	1103960	0.0
3229	1105718	0.0
3229	1106568	0.0
3229	1108209	0.0
3229	1108834	0.0
3229	1109392	0.0
3229	1112767	0.0
3229	1125082	0.0
3229	1125895	0.0
3229	1126037	0.0
3229	1128839	0.0
3229	1128868	0.0
3229	1130915	0.0
3229	1130927	0.0
3229	1130931	0.0
3229	1131647	0.0
3229	1131748	0.0
3229	1132418	0.0
3229	1140289	0.0
3229	1152277	0.0
3229	1152673	0.0
3229	1154169	0.0
3229	1154251	0.0
3229	118559	0.0
3229	133550	0.0
3229	157401	0.0
3229	16461	0.0
3229	189577	0.0
3229	23502	0.0
3229	25181	0.0
3229	25184	0.0
3229	27174	0.0
3229	27631	0.0
3229	31769	0.0
3229	33412	0.0
3229	35343	0.0
3229	35863	0.0
3229	35922	0.0
3229	390922	0.0
3229	396412	0.0
3229	444191	0.0
3229	447250	0.0
3229	48550	0.0
3229	49482	0.0
3229	52515	0.0
3229	62347	0.0
3229	641976	0.0
3229	654326	0.0
3229	7022	0.0
3229	72101	0.0
3229	82087	0.0
3229	82098	0.0
3229	83826	0.0
3229	90888	0.0
3229	919885	0.0
3229	92065	0.0
3229	948299	0.0
3229	949511	0.0
3229	96335	0.0
3231	104840	0.0
3231	1102761	0.0
3231	1106330	0.0
3231	1106370	0.0
3231	1107067	0.0
3231	1113926	0.0
3231	1115471	0.0
3231	1125386	0.0
3231	1128536	0.0
3231	1131471	0.0
3231	1153169	0.0
3231	167670	0.0
3231	180399	0.0
3231	200480	0.0
3231	20850	0.0
3231	25184	0.0
3231	259126	0.0
3231	263279	0.0
3231	3237	0.0
3231	328370	0.0
3231	39124	0.0
3231	39126	0.0
3231	46431	0.0
3231	49660	0.0
3231	6334	0.0
3231	63477	0.0
3231	63486	0.0
3231	636098	0.0
3231	66594	0.0
3231	68463	0.0
3231	8699	0.0
3231	8821	0.0
3232	1106330	0.0
3232	1123068	0.0
3232	1128536	0.0
3232	20850	0.0
3232	20942	0.0
3232	521251	0.0
3232	66594	0.0
3233	1103737	0.0
3233	1114222	0.0
3233	1125467	0.0
3233	192850	0.0
3233	1997	0.0
3233	272720	0.0
3233	509379	0.0
3233	66594	0.0
3233	976284	0.0
3235	1114222	0.0
3235	65653	0.0
3236	1125467	0.0
3236	167670	0.0
3236	3233	0.0
3236	3237	0.0
3236	601561	0.0
3237	964248	0.0
3240	1110531	0.0
3240	1131137	0.0
3240	3233	0.0
3240	36620	0.0
3240	39130	0.0
3240	964248	0.0
3243	1103610	0.0
3243	1104055	0.0
3243	1110947	0.0
3243	1113739	0.0
3243	307336	0.0
3243	30895	0.0
3243	30901	0.0
3243	31932	0.0
3243	350362	0.0
3243	368431	0.0
3243	854434	0.0
3243	96335	0.0
3828	1152896	0.0
3828	1956	0.0
3828	207395	0.0
3828	310530	0.0
3932	5075	0.0
4274	1105428	0.0
4274	1114664	0.0
4274	1119078	0.0
4329	105899	0.0
4329	1110768	0.0
4329	1111304	0.0
4329	28254	0.0
4329	395547	0.0
4329	46468	0.0
4329	510718	0.0
4330	1103676	0.0
4330	1103737	0.0
4330	1104449	0.0
4330	1108834	0.0
4330	11093	0.0
4330	1109439	0.0
4330	1110438	0.0
4330	1112929	0.0
4330	1114352	0.0
4330	1132459	0.0
4330	1132461	0.0
4330	1135108	0.0
4330	1136393	0.0
4330	1136397	0.0
4330	1152917	0.0
4330	118436	0.0
4330	119956	0.0
4330	120013	0.0
4330	12946	0.0
4330	137873	0.0
4330	151708	0.0
4330	168410	0.0
4330	1717	0.0
4330	299197	0.0
4330	32688	0.0
4330	328370	0.0
4330	35797	0.0
4330	37884	0.0
4330	390889	0.0
4330	395553	0.0
4330	428610	0.0
4330	4329	0.0
4330	46468	0.0
4330	684986	0.0
4330	69392	0.0
4330	69418	0.0
4330	753265	0.0
4330	949217	0.0
4335	1104300	0.0
4335	1121254	0.0
4335	1136310	0.0
4335	1136397	0.0
4335	1140547	0.0
4335	116790	0.0
4335	1717	0.0
4335	239800	0.0
4335	32698	0.0
4335	35922	0.0
4335	390889	0.0
4335	46468	0.0
4335	62274	0.0
4335	62417	0.0
4335	755082	0.0
4335	95718	0.0
4553	1102548	0.0
4584	1031453	0.0
4584	1102550	0.0
4584	1113739	0.0
4584	1116347	0.0
4584	1120020	0.0
4584	1128839	0.0
4584	1130567	0.0
4584	1130600	0.0
4584	124064	0.0
4584	1272	0.0
4584	128	0.0
4584	132806	0.0
4584	13885	0.0
4584	13917	0.0
4584	168410	0.0
4584	188471	0.0
4584	193742	0.0
4584	28278	0.0
4584	28287	0.0
4584	293285	0.0
4584	36167	0.0
4584	6151	0.0
4584	6155	0.0
4584	6184	0.0
4584	6196	0.0
4584	6210	0.0
4584	6213	0.0
4584	6214	0.0
4584	628500	0.0
4584	628815	0.0
4584	782486	0.0
4584	976334	0.0
4637	164	0.0
4649	1105887	0.0
4649	1127851	0.0
4649	135765	0.0
4649	135766	0.0
4649	411092	0.0
4649	434	0.0
4649	449841	0.0
4649	6917	0.0
4649	8703	0.0
4660	18615	0.0
4660	429781	0.0
4660	5038	0.0
4660	582343	0.0
4804	102884	0.0
4804	1108175	0.0
4804	1112574	0.0
4804	1153262	0.0
4804	12182	0.0
4804	12210	0.0
4804	157761	0.0
4804	164	0.0
4804	25805	0.0
4804	45189	0.0
4804	68505	0.0
4804	77515	0.0
4804	976284	0.0
4804	989397	0.0
4878	1102567	0.0
4983	7867	0.0
5055	1104851	0.0
5055	1107861	0.0
5055	1119751	0.0
5055	1121867	0.0
5055	129897	0.0
5055	167656	0.0
5062	1120563	0.0
5062	28026	0.0
5062	5064	0.0
5062	5069	0.0
5062	521207	0.0
5064	1120563	0.0
5064	1121176	0.0
5064	1129106	0.0
5064	272345	0.0
5064	28026	0.0
5064	385067	0.0
5064	5069	0.0
5069	1120563	0.0
5069	385067	0.0
5069	5064	0.0
5075	1120563	0.0
5075	5064	0.0
5075	5069	0.0
5086	109323	0.0
5086	1105698	0.0
5086	129896	0.0
5086	137849	0.0
5086	3187	0.0
5086	3191	0.0
5086	354004	0.0
5086	423463	0.0
5086	440815	0.0
5086	561364	0.0
5086	79809	0.0
5194	1152714	0.0
5194	133550	0.0
5194	133563	0.0
5194	133566	0.0
5194	140569	0.0
5348	1108050	0.0
5348	1114192	0.0
5348	1118083	0.0
5348	1120197	0.0
5348	1120858	0.0
5348	1123239	0.0
5348	1132968	0.0
5348	139547	0.0
5348	256106	0.0
5348	2695	0.0
5348	2696	0.0
5348	342802	0.0
5348	75695	0.0
5348	911198	0.0
5348	99025	0.0
5454	1105574	0.0
5454	1128425	0.0
5454	1130680	0.0
5462	1129111	0.0
5462	119956	0.0
5462	227286	0.0
5462	910	0.0
5600	1022969	0.0
5600	1117833	0.0
5600	255233	0.0
5600	33303	0.0
5600	77826	0.0
5869	1110520	0.0
5869	910	0.0
5959	1102625	0.0
5959	152226	0.0
5959	545647	0.0
5959	582511	0.0
5966	1102625	0.0
5966	1106388	0.0
5966	1107861	0.0
5966	1110390	0.0
5966	1114502	0.0
5966	68463	0.0
5966	86840	0.0
5966	8699	0.0
6125	1107572	0.0
6125	12211	0.0
6125	27612	0.0
6125	28641	0.0
6125	385251	0.0
6130	1132461	0.0
6130	1154123	0.0
6130	1154124	0.0
6130	671269	0.0
6130	675847	0.0
6151	1106547	0.0
6151	1107355	0.0
6151	1130567	0.0
6151	1385	0.0
6151	193742	0.0
6151	6152	0.0
6151	6155	0.0
6151	6213	0.0
6151	6214	0.0
6152	299195	0.0
6155	1126029	0.0
6163	1106966	0.0
6163	1111052	0.0
6163	1113739	0.0
6163	130	0.0
6163	134128	0.0
6163	20534	0.0
6163	28202	0.0
6163	96847	0.0
6169	1106406	0.0
6169	1114629	0.0
6169	1130567	0.0
6169	170338	0.0
6169	20526	0.0
6169	7419	0.0
6184	10981	0.0
6184	1105718	0.0
6184	1120731	0.0
6184	1136422	0.0
6184	13686	0.0
6184	27631	0.0
6184	3229	0.0
6184	399339	0.0
6196	1120731	0.0
6196	1153056	0.0
6196	28387	0.0
6196	58540	0.0
6196	81350	0.0
6196	976334	0.0
6209	1108329	0.0
6209	118259	0.0
6209	118260	0.0
6209	168410	0.0
6209	181782	0.0
6209	212930	0.0
6209	28485	0.0
6209	38480	0.0
6209	8213	0.0
6209	8875	0.0
6209	95579	0.0
6210	1120731	0.0
6213	10796	0.0
6213	1103315	0.0
6213	1105764	0.0
6213	1106406	0.0
6213	1106547	0.0
6213	1106966	0.0
6213	1107355	0.0
6213	1107455	0.0
6213	1108329	0.0
6213	1109957	0.0
6213	1111052	0.0
6213	1111230	0.0
6213	1111304	0.0
6213	1113182	0.0
6213	1113459	0.0
6213	1113614	0.0
6213	1116347	0.0
6213	1117760	0.0
6213	1117942	0.0
6213	1120020	0.0
6213	1122425	0.0
6213	1123553	0.0
6213	1128267	0.0
6213	1129096	0.0
6213	1129243	0.0
6213	1130567	0.0
6213	124064	0.0
6213	12576	0.0
6213	128	0.0
6213	13193	0.0
6213	134128	0.0
6213	1385	0.0
6213	13960	0.0
6213	153598	0.0
6213	161221	0.0
6213	17208	0.0
6213	193742	0.0
6213	195361	0.0
6213	20526	0.0
6213	20534	0.0
6213	218410	0.0
6213	23774	0.0
6213	241133	0.0
6213	28202	0.0
6213	28227	0.0
6213	28278	0.0
6213	28350	0.0
6213	28471	0.0
6213	28485	0.0
6213	293271	0.0
6213	299195	0.0
6213	299197	0.0
6213	353541	0.0
6213	35863	0.0
6213	38480	0.0
6213	399339	0.0
6213	434	0.0
6213	55968	0.0
6213	58540	0.0
6213	595056	0.0
6213	6151	0.0
6213	6155	0.0
6213	6163	0.0
6213	6184	0.0
6213	6210	0.0
6213	6214	0.0
6213	6215	0.0
6213	6220	0.0
6213	6224	0.0
6213	628667	0.0
6213	628668	0.0
6213	628815	0.0
6213	672064	0.0
6213	7419	0.0
6213	755217	0.0
6213	91975	0.0
6214	1105764	0.0
6214	1106172	0.0
6214	1109199	0.0
6214	1115886	0.0
6214	1126029	0.0
6214	1130600	0.0
6214	1152740	0.0
6214	124064	0.0
6214	13960	0.0
6214	149669	0.0
6214	188471	0.0
6214	23258	0.0
6214	27631	0.0
6214	28278	0.0
6214	28447	0.0
6214	345340	0.0
6214	38480	0.0
6214	399339	0.0
6214	6155	0.0
6214	6184	0.0
6214	6196	0.0
6214	6215	0.0
6214	6224	0.0
6214	628500	0.0
6214	6378	0.0
6214	93320	0.0
6214	95589	0.0
6214	97892	0.0
6215	1120170	0.0
6215	6224	0.0
6216	1113739	0.0
6216	1116347	0.0
6216	1123553	0.0
6216	230300	0.0
6216	96847	0.0
6216	976334	0.0
6220	134128	0.0
6220	6163	0.0
6220	6224	0.0
6224	28387	0.0
6224	345340	0.0
6224	6163	0.0
6238	10793	0.0
6238	1123991	0.0
6238	1130356	0.0
6238	84459	0.0
6311	1114864	0.0
6311	1115677	0.0
6311	235776	0.0
6311	69397	0.0
6318	1108656	0.0
6318	1119295	0.0
6318	1121057	0.0
6318	20833	0.0
6334	1107067	0.0
6334	1116268	0.0
6334	1152307	0.0
6334	1152448	0.0
6334	1152975	0.0
6334	1153169	0.0
6334	1153703	0.0
6334	200480	0.0
6334	20850	0.0
6334	3231	0.0
6334	444240	0.0
6334	46431	0.0
6334	68463	0.0
6343	1125992	0.0
6343	141868	0.0
6343	200480	0.0
6343	359067	0.0
6343	521252	0.0
6344	1112665	0.0
6344	200480	0.0
6346	1106103	0.0
6346	1112075	0.0
6378	1122425	0.0
6378	1129208	0.0
6378	28473	0.0
6385	1103162	0.0
6385	1129243	0.0
6385	17476	0.0
6385	28473	0.0
6385	55968	0.0
6385	6378	0.0
6385	682666	0.0
6385	892139	0.0
6539	1102646	0.0
6639	116084	0.0
6639	178209	0.0
6639	568045	0.0
6639	591017	0.0
6741	1130637	0.0
6741	1153160	0.0
6741	348437	0.0
6741	411092	0.0
6741	417017	0.0
6741	49895	0.0
6741	51909	0.0
6741	83725	0.0
6741	9708	0.0
6767	1106103	0.0
6767	1114864	0.0
6767	1120444	0.0
6767	235776	0.0
6767	6334	0.0
6767	6925	0.0
6767	69397	0.0
6771	65653	0.0
6775	1111240	0.0
6775	350319	0.0
6782	1123068	0.0
6782	463825	0.0
6784	100961	0.0
6784	1116629	0.0
6784	350319	0.0
6784	35797	0.0
6784	560936	0.0
6784	562123	0.0
6784	60170	0.0
6784	6775	0.0
6786	1106789	0.0
6786	714975	0.0
6814	1117348	0.0
6814	1125469	0.0
6814	158172	0.0
6814	293974	0.0
6814	300071	0.0
6814	315266	0.0
6814	37884	0.0
6814	390896	0.0
6814	445938	0.0
6818	1105531	0.0
6818	1121254	0.0
6818	1128425	0.0
6818	293974	0.0
6818	37884	0.0
6818	390896	0.0
6818	50336	0.0
6818	50337	0.0
6898	1123188	0.0
6898	124224	0.0
6898	12631	0.0
6898	431206	0.0
6898	6910	0.0
6898	78994	0.0
6910	1117219	0.0
6910	1123188	0.0
6910	1132083	0.0
6910	1152150	0.0
6910	1154103	0.0
6910	169279	0.0
6910	263553	0.0
6910	431206	0.0
6910	662416	0.0
6913	1105011	0.0
6913	1116336	0.0
6913	1131230	0.0
6913	1135108	0.0
6913	1152917	0.0
6913	1717	0.0
6913	428610	0.0
6913	431206	0.0
6913	4330	0.0
6913	703953	0.0
6917	1153811	0.0
6917	449841	0.0
6923	1155073	0.0
6923	187354	0.0
6923	20857	0.0
6923	308003	0.0
6923	6941	0.0
6923	93923	0.0
6925	1114526	0.0
6925	1118658	0.0
6925	372862	0.0
6925	57922	0.0
6925	57948	0.0
6935	1000012	0.0
6935	101660	0.0
6935	1106388	0.0
6935	1115670	0.0
6935	1120650	0.0
6935	18615	0.0
6935	238099	0.0
6935	308003	0.0
6939	1116922	0.0
6941	372862	0.0
7032	1109439	0.0
7032	1110438	0.0
7032	137873	0.0
7032	323128	0.0
7032	52847	0.0
7041	1120880	0.0
7047	1135082	0.0
7047	14549	0.0
7047	212930	0.0
7047	2663	0.0
7047	54844	0.0
7272	1136446	0.0
7272	7276	0.0
7272	7297	0.0
7272	763181	0.0
7276	763181	0.0
7296	763181	0.0
7297	7276	0.0
7297	763010	0.0
7297	763181	0.0
7419	1105764	0.0
7419	1107312	0.0
7419	1109581	0.0
7419	1113182	0.0
7419	1117760	0.0
7419	1118245	0.0
7419	341188	0.0
7430	1153287	0.0
7430	95586	0.0
7532	1121603	0.0
7532	1153097	0.0
7532	141171	0.0
7532	314459	0.0
7532	7537	0.0
7532	80515	0.0
7537	1113534	0.0
7537	1131348	0.0
7537	1153097	0.0
7537	141171	0.0
7537	314459	0.0
7537	409255	0.0
7537	7532	0.0
7867	1138027	0.0
7867	315789	0.0
8079	105057	0.0
8079	1103737	0.0
8079	1121867	0.0
8079	154982	0.0
8079	192850	0.0
8079	27250	0.0
8079	39124	0.0
8224	1108728	0.0
8224	1110426	0.0
8224	1111788	0.0
8224	1128531	0.0
8224	1132815	0.0
8224	11342	0.0
8224	1153148	0.0
8224	1153866	0.0
8224	133615	0.0
8224	22431	0.0
8224	22563	0.0
8224	23738	0.0
8224	263279	0.0
8224	30895	0.0
8224	368431	0.0
8224	49843	0.0
8224	49844	0.0
8224	49847	0.0
8224	55403	0.0
8224	601567	0.0
8224	62389	0.0
8224	6311	0.0
8224	65653	0.0
8224	6639	0.0
8224	97377	0.0
8581	1120059	0.0
8581	1132968	0.0
8581	2665	0.0
8581	75691	0.0
8581	75695	0.0
8591	1154525	0.0
8591	137956	0.0
8591	167205	0.0
8591	709113	0.0
8594	1132809	0.0
8594	1154525	0.0
8594	1213	0.0
8594	180187	0.0
8594	232605	0.0
8594	58268	0.0
8594	709113	0.0
8594	8591	0.0
8617	1116268	0.0
8617	12359	0.0
8617	175291	0.0
8617	36145	0.0
8617	52784	0.0
8619	175291	0.0
8619	36145	0.0
8687	1102751	0.0
8687	38000	0.0
8696	104840	0.0
8696	1102751	0.0
8699	104840	0.0
8699	1102751	0.0
8703	101145	0.0
8703	104840	0.0
8703	1102751	0.0
8703	1105428	0.0
8703	1119078	0.0
8703	173884	0.0
8703	27535	0.0
8703	308232	0.0
8703	353541	0.0
8703	434	0.0
8703	502574	0.0
8703	51866	0.0
8703	51909	0.0
8703	59244	0.0
8703	89335	0.0
8766	409725	0.0
8821	1102761	0.0
8821	1153811	0.0
8832	1102761	0.0
8865	103515	0.0
8865	1129570	0.0
8865	395075	0.0
8865	608292	0.0
8865	647408	0.0
8865	785678	0.0
8865	8875	0.0
8872	1104647	0.0
8872	1125092	0.0
8872	1152761	0.0
8872	1153860	0.0
8872	197054	0.0
8872	229635	0.0
8872	395075	0.0
8872	8875	0.0
8874	1120643	0.0
8874	1153816	0.0
8874	395075	0.0
8874	608292	0.0
8874	646809	0.0
8874	647447	0.0
8874	8875	0.0
8875	1129570	0.0
8875	1152676	0.0
8875	18582	0.0
8875	395075	0.0
8875	608292	0.0
8961	1103610	0.0
8961	1133390	0.0
9513	102879	0.0
9515	102879	0.0
9515	4804	0.0
9515	9513	0.0
9559	1102794	0.0
9559	252725	0.0
9581	1130780	0.0
9581	633585	0.0
9586	1120138	0.0
9586	33818	0.0
9708	1130539	0.0
9708	1153003	0.0
9708	136766	0.0
9708	136768	0.0
9708	181782	0.0
9716	1153262	0.0
9716	28674	0.0
9716	6539	0.0
10169	1107067	0.0
10169	1123867	0.0
10169	114189	0.0
10169	158614	0.0
10169	17798	0.0
10169	20850	0.0
10169	211875	0.0
10169	259126	0.0
10169	3231	0.0
10169	39126	0.0
10169	39131	0.0
10169	49660	0.0
10169	552469	0.0
10169	6334	0.0
10169	63477	0.0
10169	63486	0.0
10169	636098	0.0
10169	711598	0.0
10169	85452	0.0
10174	10186	0.0
10177	10169	0.0
10177	1112574	0.0
10177	12197	0.0
10177	12198	0.0
10177	12210	0.0
10177	124734	0.0
10177	15429	0.0
10177	164	0.0
10177	249858	0.0
10177	27606	0.0
10177	4804	0.0
10177	67415	0.0
10177	68495	0.0
10177	68505	0.0
10177	9515	0.0
10183	10186	0.0
10183	10430	0.0
10183	1108267	0.0
10183	1110947	0.0
10183	1114336	0.0
10183	1120713	0.0
10183	259772	0.0
10183	47570	0.0
10183	54550	0.0
10183	6378	0.0
10186	86840	0.0
10430	1120713	0.0
10430	3095	0.0
10435	1103394	0.0
10435	112378	0.0
10435	208345	0.0
10435	22566	0.0
10435	41417	0.0
10435	8703	0.0
10531	1102850	0.0
10531	1107567	0.0
10531	1129442	0.0
10531	1130634	0.0
10531	194617	0.0
10531	31336	0.0
10531	31349	0.0
10531	31353	0.0
10531	36620	0.0
10531	43698	0.0
10531	686532	0.0
10796	1110947	0.0
10796	1113934	0.0
10796	1135358	0.0
10796	1153148	0.0
10796	180373	0.0
10796	20942	0.0
10796	30895	0.0
10796	31097	0.0
10796	417017	0.0
10796	46536	0.0
10796	601567	0.0
10796	6217	0.0
10796	8699	0.0
10796	93320	0.0
10798	10183	0.0
10798	10796	0.0
10798	1154500	0.0
10798	18619	0.0
10798	20193	0.0
10798	212777	0.0
10798	252715	0.0
10798	434	0.0
10798	601561	0.0
10798	8703	0.0
10798	97892	0.0
10981	1102873	0.0
10981	23507	0.0
11093	39199	0.0
11148	1129835	0.0
11148	1131719	0.0
11148	193354	0.0
11148	25413	0.0
11326	11339	0.0
11335	1127657	0.0
11335	11325	0.0
11335	1153264	0.0
11335	20833	0.0
11335	217139	0.0
11335	35070	0.0
11335	49843	0.0
11335	545647	0.0
11335	582511	0.0
11337	1128256	0.0
11339	11326	0.0
11339	211432	0.0
11339	30901	0.0
11339	44017	0.0
11339	45061	0.0
11342	463825	0.0
11342	65650	0.0
11342	79809	0.0
12155	1126350	0.0
12158	12199	0.0
12158	148399	0.0
12165	1107567	0.0
12165	1112099	0.0
12169	1119471	0.0
12169	4637	0.0
12169	989397	0.0
12182	1059953	0.0
12182	1106418	0.0
12182	1117249	0.0
12182	1118764	0.0
12182	1153183	0.0
12182	12165	0.0
12182	12211	0.0
12182	155736	0.0
12182	157761	0.0
12182	219239	0.0
12182	28632	0.0
12182	28640	0.0
12182	28641	0.0
12182	309476	0.0
12182	321861	0.0
12182	429781	0.0
12182	4660	0.0
12182	5038	0.0
12182	65650	0.0
12182	94713	0.0
12194	27199	0.0
12195	1107319	0.0
12195	1107567	0.0
12195	1112099	0.0
12195	1131611	0.0
12195	1132285	0.0
12195	12165	0.0
12195	38722	0.0
12195	51180	0.0
12197	111866	0.0
12197	1119471	0.0
12197	68495	0.0
12198	1126350	0.0
12198	12158	0.0
12198	12199	0.0
12198	164	0.0
12198	27612	0.0
12198	95225	0.0
12199	1119471	0.0
12199	12247	0.0
12210	1112574	0.0
12210	12182	0.0
12210	4804	0.0
12210	57948	0.0
12210	6125	0.0
12210	67415	0.0
12210	77515	0.0
12211	12165	0.0
12238	101263	0.0
12238	1107567	0.0
12238	1112099	0.0
12238	12165	0.0
12247	1119471	0.0
12247	148399	0.0
12330	107569	0.0
12330	1120777	0.0
12330	1152490	0.0
12330	1153861	0.0
12330	156977	0.0
12330	213279	0.0
12330	395553	0.0
12330	400356	0.0
12330	949217	0.0
12337	1129683	0.0
12337	16451	0.0
12337	16470	0.0
12337	16474	0.0
12337	395725	0.0
12337	57764	0.0
12347	16451	0.0
12347	72101	0.0
12350	101811	0.0
12350	1104007	0.0
12350	1107319	0.0
12350	1131611	0.0
12350	12158	0.0
12350	12195	0.0
12350	12198	0.0
12350	12210	0.0
12350	152227	0.0
12350	157805	0.0
12350	16451	0.0
12350	20601	0.0
12350	20602	0.0
12350	27612	0.0
12350	4804	0.0
12350	6125	0.0
12350	6539	0.0
12350	67415	0.0
12350	68495	0.0
12359	1131634	0.0
12359	16451	0.0
12359	242637	0.0
12439	105057	0.0
12439	323128	0.0
12439	340078	0.0
12576	1071981	0.0
12576	1104999	0.0
12576	1105221	0.0
12576	1107674	0.0
12576	1129573	0.0
12576	127033	0.0
12576	135130	0.0
12576	229635	0.0
12576	28290	0.0
12576	416455	0.0
12576	56112	0.0
12576	56119	0.0
12576	56709	0.0
12576	574710	0.0
12576	575795	0.0
12576	62718	0.0
12576	63832	0.0
12576	83725	0.0
12576	8875	0.0
12631	1123188	0.0
12631	1152150	0.0
12631	1154103	0.0
12631	12638	0.0
12631	662416	0.0
12631	6898	0.0
12631	6910	0.0
12631	78994	0.0
12638	1123188	0.0
12638	119761	0.0
12638	263553	0.0
12638	4330	0.0
12638	662416	0.0
12638	6898	0.0
12638	6910	0.0
13024	899119	0.0
13136	1118083	0.0
13136	160705	0.0
13193	17208	0.0
13193	755217	0.0
13195	1107312	0.0
13195	1120731	0.0
13195	755217	0.0
13205	1105148	0.0
13205	13208	0.0
13208	1105148	0.0
13208	131318	0.0
13212	1105148	0.0
13212	131318	0.0
13212	13208	0.0
13212	170338	0.0
13212	214472	0.0
13212	358884	0.0
13212	411005	0.0
13213	1152143	0.0
13213	131318	0.0
13269	17476	0.0
13652	13654	0.0
13652	13656	0.0
13652	83746	0.0
13654	1115959	0.0
13654	119686	0.0
13654	83746	0.0
13654	987188	0.0
13656	1120431	0.0
13658	1115959	0.0
13658	1120431	0.0
13658	119686	0.0
13658	13656	0.0
13658	198443	0.0
13658	294239	0.0
13658	987188	0.0
13686	1107355	0.0
13686	1120431	0.0
13686	1272	0.0
13686	1385	0.0
13717	1110531	0.0
13717	37998	0.0
13717	38000	0.0
13885	1104379	0.0
13885	13917	0.0
13885	31043	0.0
13885	42847	0.0
13885	84459	0.0
13917	1120020	0.0
13966	13960	0.0
13972	1126050	0.0
13972	20534	0.0
13982	34979	0.0
14062	1119708	0.0
14062	1152358	0.0
14062	1152421	0.0
14062	1153280	0.0
14062	1154459	0.0
14062	141347	0.0
14062	33907	0.0
14062	44368	0.0
14062	646836	0.0
14062	97390	0.0
14062	98693	0.0
14083	1103016	0.0
14090	1103016	0.0
14090	643069	0.0
14428	1103031	0.0
14428	1103969	0.0
14428	14429	0.0
14428	14431	0.0
14428	34082	0.0
14428	73119	0.0
14429	1103031	0.0
14429	1103969	0.0
14429	1119216	0.0
14429	14431	0.0
14429	34082	0.0
14429	73119	0.0
14430	1103031	0.0
14430	1103969	0.0
14430	1119216	0.0
14430	14429	0.0
14430	14431	0.0
14430	34082	0.0
14430	73119	0.0
14431	1103031	0.0
14529	1103038	0.0
14529	1114864	0.0
14529	1119987	0.0
14529	239829	0.0
14531	1103038	0.0
14531	1105932	0.0
14531	1152308	0.0
14531	56167	0.0
14531	592830	0.0
14531	60682	0.0
14545	1103038	0.0
14545	14549	0.0
14549	1103038	0.0
14549	592830	0.0
14807	1111240	0.0
14807	264347	0.0
15076	25702	0.0
15076	708945	0.0
15429	10169	0.0
15429	10177	0.0
15429	1104007	0.0
15429	1107572	0.0
15429	1114526	0.0
15429	1153160	0.0
15429	12197	0.0
15429	12350	0.0
15429	175576	0.0
15429	210309	0.0
15429	217115	0.0
15429	219239	0.0
15429	35854	0.0
15429	41666	0.0
15429	57948	0.0
15429	77515	0.0
15429	89547	0.0
15429	9513	0.0
15429	9515	0.0
15431	35854	0.0
15670	12558	0.0
15889	1110024	0.0
15889	1118388	0.0
15889	1152564	0.0
15889	1153891	0.0
15889	15892	0.0
15889	175909	0.0
15889	221302	0.0
15892	1116146	0.0
15892	1118388	0.0
15984	158098	0.0
15984	189577	0.0
15984	308920	0.0
15984	714975	0.0
15987	1127530	0.0
15987	158098	0.0
15987	3192	0.0
15987	523394	0.0
15987	653441	0.0
15987	714289	0.0
16008	1105531	0.0
16008	1131165	0.0
16008	158098	0.0
16008	189571	0.0
16008	189572	0.0
16008	189577	0.0
16008	308920	0.0
16008	3191	0.0
16008	3192	0.0
16008	523394	0.0
16008	642827	0.0
16437	152219	0.0
16437	16470	0.0
16437	16474	0.0
16437	395725	0.0
16437	430329	0.0
16437	51831	0.0
16451	118436	0.0
16461	1105603	0.0
16470	1129621	0.0
16471	1104787	0.0
16471	1114992	0.0
16471	1126044	0.0
16471	16474	0.0
16471	273949	0.0
16474	16471	0.0
16476	1123087	0.0
16476	1129621	0.0
16476	12359	0.0
16476	16474	0.0
16485	105856	0.0
16485	1104787	0.0
16485	1105603	0.0
16485	1109891	0.0
16485	1120049	0.0
16485	1123087	0.0
16485	12347	0.0
16485	286500	0.0
16819	1131167	0.0
16819	1131236	0.0
16819	1131274	0.0
16819	1131312	0.0
16819	126793	0.0
16819	643003	0.0
16819	643069	0.0
16819	643221	0.0
16819	644093	0.0
16819	644334	0.0
16819	646195	0.0
16819	646286	0.0
16843	1152259	0.0
16843	1152991	0.0
16843	643069	0.0
17201	1107140	0.0
17201	1118245	0.0
17201	1126012	0.0
17201	17208	0.0
17201	184157	0.0
17201	32872	0.0
17201	95435	0.0
17208	1152633	0.0
17208	1153262	0.0
17208	184157	0.0
17208	32872	0.0
17208	95435	0.0
17242	1115291	0.0
17242	280876	0.0
17363	444191	0.0
17476	1103162	0.0
17476	1105033	0.0
17476	1122425	0.0
17476	1129208	0.0
17476	170338	0.0
17476	28456	0.0
17476	33013	0.0
17476	682666	0.0
17476	892139	0.0
17477	1103162	0.0
17488	1103162	0.0
17798	1119987	0.0
17798	1152308	0.0
17798	3231	0.0
17798	323128	0.0
17798	39131	0.0
17798	56167	0.0
17811	1107136	0.0
17811	63486	0.0
17821	245955	0.0
18251	1106052	0.0
18313	249421	0.0
18532	86923	0.0
18536	1106854	0.0
18536	424540	0.0
18536	86923	0.0
18615	1000012	0.0
18615	4660	0.0
18615	582343	0.0
18619	1153091	0.0
18619	18615	0.0
18619	4660	0.0
18770	28964	0.0
18770	531348	0.0
18770	531351	0.0
18773	167656	0.0
18773	88356	0.0
18774	73146	0.0
18777	103537	0.0
18777	1112686	0.0
18777	116790	0.0
18777	173863	0.0
18777	18774	0.0
18777	33013	0.0
18777	345340	0.0
18777	445938	0.0
18777	510718	0.0
18777	66794	0.0
18777	73146	0.0
18777	79817	0.0
18777	94713	0.0
18781	1108175	0.0
18781	18785	0.0
18781	86840	0.0
18811	1106401	0.0
18811	1112686	0.0
18811	20920	0.0
18812	20920	0.0
18812	510715	0.0
18815	1104449	0.0
18815	20920	0.0
18832	1122425	0.0
18832	18833	0.0
18832	682666	0.0
18832	81350	0.0
18834	1152740	0.0
18834	1152944	0.0
18834	18833	0.0
19045	593210	0.0
19045	593328	0.0
19045	593329	0.0
19045	87363	0.0
19231	1107572	0.0
19231	1153736	0.0
19231	12960	0.0
19231	18619	0.0
19231	30934	0.0
19231	686061	0.0
19621	1106287	0.0
19621	1114153	0.0
19621	1114442	0.0
19621	1126044	0.0
19621	1128846	0.0
19621	1131464	0.0
19621	1135082	0.0
19621	1135137	0.0
19621	123825	0.0
19621	184918	0.0
19621	23448	0.0
19621	240791	0.0
19621	330148	0.0
19621	42847	0.0
19621	49482	0.0
19621	6184	0.0
19621	62347	0.0
19621	628888	0.0
19621	631052	0.0
19621	649730	0.0
19621	649739	0.0
19621	66990	0.0
19621	684372	0.0
19621	7276	0.0
19621	7297	0.0
19621	763009	0.0
19621	83826	0.0
19621	853116	0.0
19621	948147	0.0
19621	948299	0.0
19621	950052	0.0
19697	131318	0.0
19697	239800	0.0
19697	32698	0.0
19697	40124	0.0
19697	95718	0.0
20178	38829	0.0
20178	64271	0.0
20178	91853	0.0
20179	20178	0.0
20179	91852	0.0
20179	91853	0.0
20179	95188	0.0
20180	91853	0.0
20180	943	0.0
20193	1108597	0.0
20193	1114777	0.0
20193	1116397	0.0
20193	1116839	0.0
20193	1119180	0.0
20193	112813	0.0
20193	1130653	0.0
20193	1130657	0.0
20193	1138091	0.0
20193	1152244	0.0
20193	1153877	0.0
20193	1153879	0.0
20193	1153889	0.0
20193	144330	0.0
20193	3085	0.0
20193	30973	0.0
20193	395725	0.0
20193	5062	0.0
20193	566488	0.0
20193	566653	0.0
20193	566664	0.0
20193	91853	0.0
20526	1103315	0.0
20526	1118092	0.0
20528	1103315	0.0
20528	1103676	0.0
20528	1107067	0.0
20534	1103315	0.0
20534	1106966	0.0
20534	1107455	0.0
20534	1111052	0.0
20534	23774	0.0
20534	70442	0.0
20534	7419	0.0
20584	1106849	0.0
20584	1111788	0.0
20584	1118823	0.0
20584	20592	0.0
20584	20593	0.0
20584	235776	0.0
20584	389715	0.0
20584	6311	0.0
20592	20593	0.0
20601	1108167	0.0
20601	1118209	0.0
20601	1121537	0.0
20601	12158	0.0
20601	12199	0.0
20601	12247	0.0
20601	124734	0.0
20601	20602	0.0
20601	25805	0.0
20601	42207	0.0
20601	95225	0.0
20602	1108167	0.0
20602	1121537	0.0
20602	12155	0.0
20602	12158	0.0
20602	12199	0.0
20602	12247	0.0
20602	20601	0.0
20602	42207	0.0
20602	95225	0.0
20821	1127851	0.0
20821	372862	0.0
20857	1127863	0.0
20857	1155073	0.0
20923	1115701	0.0
20923	1116530	0.0
20923	20924	0.0
20923	289885	0.0
20923	294030	0.0
20924	1108267	0.0
20924	1113934	0.0
20924	1115701	0.0
20924	289885	0.0
20924	294030	0.0
20924	521207	0.0
20972	1116181	0.0
22229	1103383	0.0
22229	1107418	0.0
22229	1112911	0.0
22229	1128369	0.0
22229	144701	0.0
22229	190697	0.0
22229	22241	0.0
22229	243483	0.0
22229	459216	0.0
22229	593105	0.0
22229	595193	0.0
22241	1103383	0.0
22241	1107418	0.0
22241	1128369	0.0
22241	595193	0.0
22386	1107010	0.0
22386	1128407	0.0
22386	207395	0.0
22386	310530	0.0
22386	38839	0.0
22386	38845	0.0
22386	38846	0.0
22386	3932	0.0
22431	1110426	0.0
22431	144330	0.0
22431	49843	0.0
22431	49844	0.0
22431	49847	0.0
22431	6639	0.0
22563	10435	0.0
22563	107251	0.0
22563	107252	0.0
22563	1103394	0.0
22563	1120962	0.0
22563	1121459	0.0
22563	1123926	0.0
22563	12439	0.0
22563	13686	0.0
22563	1786	0.0
22563	22564	0.0
22563	22566	0.0
22563	3220	0.0
22563	36140	0.0
22563	389715	0.0
22563	63915	0.0
22563	6767	0.0
22563	6771	0.0
22563	94229	0.0
22564	10435	0.0
22564	1103394	0.0
22564	22566	0.0
22566	10435	0.0
22566	1103394	0.0
22835	1110563	0.0
22835	39904	0.0
22869	22876	0.0
22874	22876	0.0
22875	1110947	0.0
22875	1113934	0.0
22875	22876	0.0
22883	22876	0.0
22886	1107367	0.0
22886	1120444	0.0
22886	28447	0.0
23069	23070	0.0
23069	74700	0.0
23070	1116044	0.0
23070	134307	0.0
23070	134316	0.0
23070	74698	0.0
23070	87915	0.0
23116	1105433	0.0
23116	1111978	0.0
23116	40124	0.0
23116	41666	0.0
23116	576257	0.0
23258	1106052	0.0
23258	168410	0.0
23258	18251	0.0
23502	184918	0.0
23502	23507	0.0
23507	1109392	0.0
23507	13717	0.0
23507	152731	0.0
23507	217852	0.0
23507	23502	0.0
23507	649731	0.0
23507	93320	0.0
23546	27230	0.0
23738	101662	0.0
23738	101811	0.0
23738	1118764	0.0
23738	11325	0.0
23738	11342	0.0
23738	1153064	0.0
23738	1153148	0.0
23738	189574	0.0
23738	22563	0.0
23738	27249	0.0
23738	27250	0.0
23738	411092	0.0
23738	65650	0.0
23738	73146	0.0
23738	84020	0.0
23774	1106406	0.0
23774	1107455	0.0
23774	7432	0.0
24043	1111265	0.0
24043	15076	0.0
24043	928873	0.0
24476	1103499	0.0
24476	1106546	0.0
24476	1153024	0.0
24530	1109581	0.0
24966	1104449	0.0
24966	1105344	0.0
24966	1105433	0.0
24966	1106370	0.0
24966	1106671	0.0
24966	1123576	0.0
24966	1131149	0.0
24966	1131267	0.0
24966	1152194	0.0
24966	1154042	0.0
24966	124828	0.0
24966	131042	0.0
24966	131318	0.0
24966	145134	0.0
24966	145176	0.0
24966	19697	0.0
24966	197452	0.0
24966	202639	0.0
24966	23116	0.0
24966	239800	0.0
24966	27627	0.0
24966	40124	0.0
24966	63549	0.0
24966	641976	0.0
24966	65212	0.0
24966	671293	0.0
24966	79809	0.0
24966	92065	0.0
24966	95719	0.0
24974	1104258	0.0
24974	1112723	0.0
24974	131042	0.0
24974	34315	0.0
24974	40125	0.0
24974	6771	0.0
25181	1152277	0.0
25181	1152673	0.0
25181	1154251	0.0
25181	25184	0.0
25181	27174	0.0
25181	96335	0.0
25184	285675	0.0
25184	385572	0.0
25702	1108834	0.0
25702	1118848	0.0
25702	1136397	0.0
25702	1153897	0.0
25702	147870	0.0
25702	202639	0.0
25702	675649	0.0
25702	910	0.0
25772	1104769	0.0
25772	1105932	0.0
25772	1122580	0.0
25772	1126503	0.0
25772	1997	0.0
25772	641956	0.0
25791	28202	0.0
25791	45212	0.0
25794	582343	0.0
25805	1108167	0.0
25805	1110028	0.0
25805	1121063	0.0
25805	385251	0.0
26850	1114605	0.0
27174	180373	0.0
27174	25184	0.0
27174	35343	0.0
27174	96335	0.0
27199	148399	0.0
27199	248119	0.0
27203	1106418	0.0
27203	1118209	0.0
27203	148399	0.0
27230	23545	0.0
27241	1106492	0.0
27241	1116268	0.0
27243	1104851	0.0
27243	59045	0.0
27246	1110390	0.0
27249	368431	0.0
27249	8079	0.0
27510	1110998	0.0
27510	1128990	0.0
27510	1152143	0.0
27510	188318	0.0
27514	1152143	0.0
27530	1106630	0.0
27530	1128542	0.0
27530	27531	0.0
27530	592826	0.0
27530	66594	0.0
27531	1106370	0.0
27531	763009	0.0
27535	1112026	0.0
27535	13686	0.0
27535	173884	0.0
27535	308232	0.0
27535	34961	0.0
27543	1106630	0.0
27543	1135125	0.0
27543	27531	0.0
27606	111866	0.0
27606	124734	0.0
27606	249858	0.0
27612	1118209	0.0
27612	12198	0.0
27623	105899	0.0
27623	1104182	0.0
27623	1126029	0.0
27623	27632	0.0
27623	28254	0.0
27623	686015	0.0
27623	686030	0.0
27623	686061	0.0
27623	75674	0.0
27627	105899	0.0
27627	116021	0.0
27627	18619	0.0
27627	23116	0.0
27627	27632	0.0
27627	28254	0.0
27627	686015	0.0
27627	686030	0.0
27627	686061	0.0
27631	20528	0.0
27631	28254	0.0
27631	55968	0.0
27632	28254	0.0
27895	105057	0.0
27895	1103676	0.0
27895	1122580	0.0
27895	112378	0.0
27895	1132706	0.0
27895	1786	0.0
27895	23738	0.0
28026	5064	0.0
28026	5069	0.0
28202	1114629	0.0
28202	1128267	0.0
28202	325497	0.0
28227	20526	0.0
28227	6169	0.0
28230	1108267	0.0
28230	1123756	0.0
28249	1116347	0.0
28249	1129096	0.0
28249	628668	0.0
28254	105899	0.0
28254	1118092	0.0
28254	686015	0.0
28254	686061	0.0
28265	1152436	0.0
28265	943	0.0
28267	1152896	0.0
28278	1107312	0.0
28287	1106547	0.0
28287	1107355	0.0
28287	128540	0.0
28287	1385	0.0
28287	308529	0.0
28287	387795	0.0
28287	567005	0.0
28287	56709	0.0
28290	1104999	0.0
28290	1107674	0.0
28290	28287	0.0
28290	308529	0.0
28290	56709	0.0
28290	63832	0.0
28336	108047	0.0
28350	1109957	0.0
28350	1113459	0.0
28350	1129243	0.0
28350	13193	0.0
28350	241133	0.0
28350	28227	0.0
28350	341188	0.0
28350	6210	0.0
28350	6220	0.0
28350	628667	0.0
28350	628668	0.0
28350	95579	0.0
28359	35863	0.0
28385	1106112	0.0
28385	1125895	0.0
28385	118558	0.0
28387	1107312	0.0
28389	353541	0.0
28412	1128430	0.0
28412	27631	0.0
28412	6217	0.0
28412	6220	0.0
28447	1107367	0.0
28447	1120444	0.0
28447	194645	0.0
28471	91975	0.0
28485	168410	0.0
28485	23258	0.0
28487	1153056	0.0
28487	128	0.0
28487	206259	0.0
28487	8213	0.0
28487	95586	0.0
28489	13193	0.0
28489	6210	0.0
28491	1152910	0.0
28491	153598	0.0
28491	341188	0.0
28491	782486	0.0
28504	1139928	0.0
28504	1153287	0.0
28504	131315	0.0
28504	365294	0.0
28504	7430	0.0
28504	95589	0.0
28542	124064	0.0
28542	206259	0.0
28632	32260	0.0
28640	1059953	0.0
28640	28641	0.0
28649	12182	0.0
28649	155736	0.0
28649	155738	0.0
28851	54131	0.0
28851	578669	0.0
28851	595157	0.0
28957	103537	0.0
28957	1105531	0.0
28957	159897	0.0
28957	189577	0.0
28957	28964	0.0
28957	35922	0.0
28957	66794	0.0
28957	88356	0.0
28957	94713	0.0
28964	1125402	0.0
28964	1125944	0.0
29492	1112426	0.0
29492	1122574	0.0
29492	131117	0.0
29492	144408	0.0
29492	152219	0.0
29492	29708	0.0
29492	3229	0.0
29492	400473	0.0
29708	131315	0.0
29723	131315	0.0
29723	300071	0.0
29723	35905	0.0
29723	6818	0.0
29738	155277	0.0
30817	1120211	0.0
30817	3229	0.0
30817	631052	0.0
30817	75691	0.0
30895	1152277	0.0
30895	1152673	0.0
30895	1154251	0.0
30895	144679	0.0
30895	30901	0.0
30934	12960	0.0
31055	1106630	0.0
31083	1123068	0.0
31083	48066	0.0
31105	1105672	0.0
31105	175291	0.0
31336	1129442	0.0
31336	31349	0.0
31336	686532	0.0
31349	686532	0.0
31353	10531	0.0
31353	1063773	0.0
31353	1107567	0.0
31353	1123576	0.0
31353	1124844	0.0
31353	1129442	0.0
31353	1129608	0.0
31353	1135746	0.0
31353	1152162	0.0
31353	1152272	0.0
31353	1152904	0.0
31353	194617	0.0
31353	286562	0.0
31353	31336	0.0
31353	31349	0.0
31353	31927	0.0
31353	43698	0.0
31353	686532	0.0
31353	686559	0.0
31479	1115701	0.0
31479	114189	0.0
31479	14549	0.0
31479	20592	0.0
31479	289885	0.0
31479	294030	0.0
31479	39165	0.0
31483	1131137	0.0
31483	118682	0.0
31483	39126	0.0
31483	39165	0.0
31489	1130780	0.0
31489	1152150	0.0
31489	227286	0.0
31489	40583	0.0
31489	40605	0.0
31489	632796	0.0
31489	632874	0.0
31489	632935	0.0
31489	633585	0.0
31489	633721	0.0
31489	9581	0.0
31769	67245	0.0
31769	67246	0.0
31863	358894	0.0
31863	91581	0.0
31927	1124844	0.0
31927	1129572	0.0
31927	194617	0.0
31927	31932	0.0
31932	194617	0.0
32083	1113995	0.0
32083	1120962	0.0
32083	1153933	0.0
32083	200630	0.0
32083	31769	0.0
32083	346292	0.0
32083	35061	0.0
32083	45605	0.0
32083	6771	0.0
32083	688361	0.0
32260	62274	0.0
32260	94713	0.0
32276	15076	0.0
32276	174418	0.0
32276	39199	0.0
32276	636500	0.0
32276	636511	0.0
32276	84695	0.0
32688	1717	0.0
32688	69418	0.0
32698	95719	0.0
32872	1118245	0.0
33231	1105531	0.0
33231	1121254	0.0
33231	1132887	0.0
33231	158172	0.0
33231	293974	0.0
33231	300071	0.0
33231	315266	0.0
33231	445938	0.0
33301	1022969	0.0
33301	33303	0.0
33325	1110256	0.0
33325	12960	0.0
33325	429781	0.0
33412	124296	0.0
33412	211875	0.0
33412	34708	0.0
33818	1120138	0.0
33818	1123087	0.0
33818	78549	0.0
33818	78552	0.0
33818	78557	0.0
33823	1119004	0.0
33823	33818	0.0
33823	78549	0.0
33823	78552	0.0
33823	78557	0.0
33895	1103960	0.0
33895	1153577	0.0
33895	1154176	0.0
33895	33904	0.0
33895	593813	0.0
33895	82087	0.0
33904	1103960	0.0
33904	1110546	0.0
33907	1103960	0.0
33907	1134022	0.0
33907	1136814	0.0
33907	593091	0.0
33907	593813	0.0
34082	1103969	0.0
34082	1119216	0.0
34257	1106771	0.0
34257	1111186	0.0
34257	1114398	0.0
34257	1115456	0.0
34257	1116974	0.0
34257	1122642	0.0
34257	1153003	0.0
34257	192870	0.0
34257	34263	0.0
34257	34266	0.0
34257	368605	0.0
34257	87482	0.0
34257	90655	0.0
34263	1122642	0.0
34263	87482	0.0
34263	90655	0.0
34266	1122642	0.0
34266	34263	0.0
34266	90655	0.0
34315	1103979	0.0
34315	40125	0.0
34355	1103979	0.0
34708	102406	0.0
34708	120039	0.0
34708	211432	0.0
34961	22883	0.0
34961	31043	0.0
34979	1104007	0.0
34979	1106418	0.0
34979	13982	0.0
35061	1113438	0.0
35061	1152761	0.0
35061	1153860	0.0
35061	144701	0.0
35061	210871	0.0
35061	22229	0.0
35061	240791	0.0
35061	263498	0.0
35061	45605	0.0
35061	48766	0.0
35061	503871	0.0
35061	682815	0.0
35335	168958	0.0
35335	35343	0.0
35335	59772	0.0
35343	1118332	0.0
35490	1104031	0.0
35490	1116410	0.0
35490	64271	0.0
35490	95188	0.0
35778	108962	0.0
35778	108983	0.0
35778	1108389	0.0
35778	1125469	0.0
35778	1919	0.0
35778	519318	0.0
35778	73146	0.0
35797	100961	0.0
35797	1050679	0.0
35797	1110998	0.0
35797	1116629	0.0
35797	1128974	0.0
35797	188318	0.0
35797	399370	0.0
35797	60169	0.0
35797	60170	0.0
35797	627024	0.0
35852	1035	0.0
35852	1113438	0.0
35852	41732	0.0
35852	486840	0.0
35863	134060	0.0
35863	20972	0.0
35863	28359	0.0
35905	1152162	0.0
35905	1152272	0.0
35905	1152904	0.0
35905	29723	0.0
35922	1105116	0.0
35922	1140547	0.0
35922	1152162	0.0
35922	1152272	0.0
35922	1152904	0.0
35922	194223	0.0
35922	390894	0.0
35922	390896	0.0
35922	390922	0.0
35922	396412	0.0
35922	50336	0.0
35922	50337	0.0
35922	66982	0.0
36131	1152633	0.0
36131	17208	0.0
36131	77438	0.0
36140	105057	0.0
36140	1104055	0.0
36140	112378	0.0
36140	12439	0.0
36140	22563	0.0
36140	27249	0.0
36140	323128	0.0
36140	350373	0.0
36140	35797	0.0
36140	46500	0.0
36140	57764	0.0
36140	63915	0.0
36145	1104055	0.0
36145	1105672	0.0
36145	1116268	0.0
36145	272720	0.0
36145	52784	0.0
36162	1132815	0.0
36162	1152307	0.0
36162	1152448	0.0
36162	1152975	0.0
36162	1153703	0.0
36162	197452	0.0
36162	20528	0.0
36167	20528	0.0
36620	1128430	0.0
36620	120039	0.0
36620	189620	0.0
36802	1108389	0.0
36802	130	0.0
36802	189856	0.0
36802	37888	0.0
36802	589923	0.0
36802	590022	0.0
37483	1130539	0.0
37483	217852	0.0
37483	2440	0.0
37483	5959	0.0
37483	63931	0.0
37541	1119140	0.0
37541	260979	0.0
37879	1105116	0.0
37884	300071	0.0
37888	1108389	0.0
37888	1125469	0.0
37888	1152633	0.0
37888	293974	0.0
37888	77438	0.0
38205	108047	0.0
38205	1128997	0.0
38205	1129610	0.0
38205	1153942	0.0
38205	117316	0.0
38205	592975	0.0
38205	592986	0.0
38205	593060	0.0
38205	595056	0.0
38205	606647	0.0
38205	61069	0.0
38480	1104182	0.0
38537	1131270	0.0
38537	1131277	0.0
38537	137868	0.0
38537	153063	0.0
38537	642847	0.0
38537	646195	0.0
38722	1106172	0.0
38722	1135746	0.0
38722	5038	0.0
38722	51180	0.0
38722	65650	0.0
38722	81350	0.0
38771	1104191	0.0
38829	1107010	0.0
38829	1116397	0.0
38829	1152244	0.0
38839	310530	0.0
38845	1107010	0.0
38845	1110579	0.0
38846	1128407	0.0
38846	38845	0.0
39126	1107067	0.0
39126	88356	0.0
39127	1105932	0.0
39127	1128881	0.0
39127	1128927	0.0
39127	1128935	0.0
39127	116081	0.0
39127	116084	0.0
39127	116087	0.0
39127	195150	0.0
39127	277263	0.0
39127	3231	0.0
39127	46476	0.0
39127	49660	0.0
39127	52835	0.0
39127	592826	0.0
39127	592830	0.0
39127	75972	0.0
39130	346243	0.0
39130	36620	0.0
39130	39131	0.0
39130	521252	0.0
39131	1106330	0.0
39131	1131728	0.0
39131	3231	0.0
39131	6334	0.0
39165	1131137	0.0
39165	118682	0.0
39165	39126	0.0
39199	39210	0.0
39199	66982	0.0
39199	66990	0.0
39210	66982	0.0
39210	66986	0.0
39403	130	0.0
39474	1694	0.0
39890	1123689	0.0
39890	1154229	0.0
39890	1154232	0.0
39890	1154233	0.0
39890	149669	0.0
39890	162664	0.0
39890	189571	0.0
39890	242663	0.0
39890	294030	0.0
39890	3191	0.0
39890	51045	0.0
39890	521855	0.0
39890	523394	0.0
39890	559804	0.0
39890	653441	0.0
39890	714256	0.0
39890	714289	0.0
39890	714975	0.0
40124	1104258	0.0
40124	1112723	0.0
40125	1104258	0.0
40131	118079	0.0
40135	118079	0.0
40135	13686	0.0
40151	1104261	0.0
40151	1132418	0.0
40151	1152307	0.0
40151	1152448	0.0
40151	1152975	0.0
40151	1153703	0.0
40151	288	0.0
40151	49660	0.0
40151	671293	0.0
40605	40583	0.0
40605	633721	0.0
40605	884094	0.0
40886	1121459	0.0
40886	112378	0.0
40886	1131728	0.0
40886	141868	0.0
40886	145215	0.0
40886	429805	0.0
40886	654177	0.0
41216	1104300	0.0
41417	1108329	0.0
41417	1113551	0.0
41417	128383	0.0
41666	943087	0.0
41714	1033	0.0
41714	1110515	0.0
41714	144212	0.0
41714	182094	0.0
41714	190697	0.0
41714	190706	0.0
41714	197054	0.0
41714	44455	0.0
41714	568857	0.0
41714	594047	0.0
41714	61069	0.0
42156	1116594	0.0
42156	1118120	0.0
42156	1152179	0.0
42156	340299	0.0
42207	219239	0.0
42209	27199	0.0
42221	248119	0.0
42221	27199	0.0
42221	42209	0.0
42221	57948	0.0
42221	989397	0.0
42847	1104379	0.0
42848	1104379	0.0
42848	1116835	0.0
43165	1131195	0.0
43186	1135894	0.0
43186	152731	0.0
43186	16461	0.0
43639	469504	0.0
43639	99025	0.0
43698	1129442	0.0
43698	31349	0.0
43698	686532	0.0
44017	1106492	0.0
44017	206524	0.0
44017	48075	0.0
44121	1104435	0.0
44368	1128227	0.0
44455	1128985	0.0
44455	128540	0.0
44455	227178	0.0
44455	387795	0.0
44455	41714	0.0
44455	568857	0.0
44514	210871	0.0
44514	253971	0.0
44514	606479	0.0
45052	1131266	0.0
45052	27250	0.0
45188	1130929	0.0
45188	192734	0.0
45188	350362	0.0
45188	45189	0.0
45188	976284	0.0
45189	1105450	0.0
45189	1106401	0.0
45189	1132385	0.0
45189	192734	0.0
45189	192850	0.0
45189	272720	0.0
45189	45188	0.0
45189	976284	0.0
45212	1105764	0.0
45212	120013	0.0
45533	1104495	0.0
45533	1106771	0.0
45533	1115456	0.0
45533	1116974	0.0
45533	34266	0.0
45533	87482	0.0
45603	1104647	0.0
45603	1125092	0.0
45605	1033	0.0
45605	1035	0.0
45605	1131639	0.0
45605	144212	0.0
45605	190706	0.0
45605	240791	0.0
45605	503871	0.0
45605	682815	0.0
45605	975567	0.0
46079	1152569	0.0
46079	69284	0.0
46452	1153091	0.0
46452	582343	0.0
46468	27249	0.0
46470	1105450	0.0
46491	107251	0.0
46491	107252	0.0
46491	1105672	0.0
46491	1118823	0.0
46491	1120169	0.0
46491	1152290	0.0
46491	137380	0.0
46491	308232	0.0
46491	37541	0.0
46491	389715	0.0
46491	46547	0.0
46491	51834	0.0
46500	57764	0.0
46501	1153275	0.0
46501	57764	0.0
46547	107251	0.0
46547	1118823	0.0
46547	1786	0.0
46547	389715	0.0
46887	1111788	0.0
46887	1153106	0.0
46887	235776	0.0
46887	45212	0.0
46887	6311	0.0
47570	385067	0.0
47682	1125393	0.0
47682	47683	0.0
47682	47684	0.0
47839	1124837	0.0
48550	133563	0.0
48550	227286	0.0
48555	133563	0.0
48555	48550	0.0
48764	1104647	0.0
48764	1125092	0.0
48766	1104647	0.0
48766	595056	0.0
48768	1104647	0.0
48781	1120643	0.0
48781	1134865	0.0
48781	397488	0.0
48781	423816	0.0
49482	1112369	0.0
49482	217984	0.0
49482	631052	0.0
49482	7297	0.0
49660	3237	0.0
49660	66594	0.0
49720	49753	0.0
49753	49720	0.0
49811	3233	0.0
49811	463825	0.0
49843	1106388	0.0
49843	49844	0.0
49843	49847	0.0
49844	1127851	0.0
49847	49844	0.0
50336	13269	0.0
50336	35922	0.0
50336	390894	0.0
50336	50337	0.0
50336	683355	0.0
50337	13269	0.0
50337	390894	0.0
50337	396412	0.0
50354	123556	0.0
50354	14807	0.0
50354	289088	0.0
50381	62274	0.0
50807	1104749	0.0
50838	1126503	0.0
50838	25794	0.0
50980	73972	0.0
51045	242663	0.0
51049	1134320	0.0
51049	1154232	0.0
51049	242663	0.0
51049	39890	0.0
51049	51045	0.0
51052	242663	0.0
51052	51045	0.0
51180	1107319	0.0
51180	12195	0.0
51180	12350	0.0
51180	50381	0.0
51866	1119078	0.0
51866	22883	0.0
51866	27535	0.0
51866	34961	0.0
51879	1114664	0.0
51879	22883	0.0
51879	51866	0.0
51879	51909	0.0
51909	1105428	0.0
51909	173884	0.0
51909	502574	0.0
51934	14545	0.0
52000	1104809	0.0
52000	52007	0.0
52003	1104809	0.0
52003	1112194	0.0
52003	52000	0.0
52007	1104809	0.0
52515	300806	0.0
52515	39199	0.0
52515	446271	0.0
52784	1104851	0.0
52835	1115471	0.0
52847	1131471	0.0
52847	1153811	0.0
53942	1117184	0.0
53942	56167	0.0
54129	108047	0.0
54129	1128291	0.0
54129	1128319	0.0
54129	1136791	0.0
54129	117315	0.0
54129	117316	0.0
54129	17477	0.0
54129	28336	0.0
54129	578645	0.0
54129	578646	0.0
54129	578649	0.0
54129	578780	0.0
54129	593022	0.0
54129	594543	0.0
54131	1128982	0.0
54131	1153897	0.0
54131	141324	0.0
54131	243483	0.0
54131	459213	0.0
54131	459214	0.0
54131	578780	0.0
54131	593859	0.0
54131	593942	0.0
54131	59715	0.0
54131	66563	0.0
54132	1117476	0.0
54132	1128985	0.0
54132	578780	0.0
54132	579008	0.0
54132	593921	0.0
54132	594387	0.0
54132	59715	0.0
54132	62634	0.0
54550	5600	0.0
54844	1104946	0.0
55403	1128531	0.0
55770	1114777	0.0
55770	208345	0.0
55770	521207	0.0
55801	208345	0.0
55968	892139	0.0
56112	1104999	0.0
56112	1107674	0.0
56112	127033	0.0
56112	56115	0.0
56112	56119	0.0
56112	63832	0.0
56112	83725	0.0
56115	1104999	0.0
56115	1107674	0.0
56115	1129573	0.0
56115	127033	0.0
56115	135130	0.0
56115	56119	0.0
56115	62718	0.0
56115	63486	0.0
56115	63832	0.0
56115	69284	0.0
56119	1104999	0.0
56119	1105221	0.0
56119	127033	0.0
56119	63832	0.0
56167	1117184	0.0
56167	1119178	0.0
56167	1152308	0.0
56167	239810	0.0
56167	359067	0.0
56708	28287	0.0
56708	308529	0.0
56708	56709	0.0
56709	1128959	0.0
56709	18834	0.0
56709	28287	0.0
56709	308529	0.0
56709	416455	0.0
57119	1129570	0.0
57119	1132731	0.0
57119	1152676	0.0
57119	1153942	0.0
57119	28456	0.0
57119	592975	0.0
57119	592986	0.0
57119	593060	0.0
57119	595056	0.0
57119	606647	0.0
57119	647408	0.0
57764	711527	0.0
57773	1154524	0.0
57773	235670	0.0
57922	1118658	0.0
57922	57948	0.0
57932	6925	0.0
57948	1114526	0.0
57948	1118658	0.0
57948	57922	0.0
58268	13024	0.0
58268	137956	0.0
58268	899119	0.0
58436	1114239	0.0
58436	87417	0.0
58453	87417	0.0
58454	144679	0.0
58454	87417	0.0
58540	181782	0.0
58552	1113828	0.0
58552	248395	0.0
58758	1128204	0.0
58758	1128208	0.0
58758	1688	0.0
58758	33895	0.0
58758	576973	0.0
58758	69284	0.0
59045	1121867	0.0
59626	102406	0.0
59626	124734	0.0
59626	217115	0.0
59626	249858	0.0
59626	6125	0.0
59715	96845	0.0
59772	35335	0.0
59798	1152277	0.0
59798	1152673	0.0
59798	1154251	0.0
59798	180373	0.0
59798	25181	0.0
59798	27174	0.0
59798	30895	0.0
59798	96335	0.0
60159	399370	0.0
60159	60169	0.0
60169	399370	0.0
60170	399370	0.0
60682	63477	0.0
61069	1107062	0.0
61069	1129610	0.0
61069	1153816	0.0
61069	28456	0.0
61069	975567	0.0
61073	975567	0.0
61312	1105231	0.0
61417	1106764	0.0
61417	212777	0.0
61417	94416	0.0
62274	32260	0.0
62274	50381	0.0
62274	94713	0.0
62329	1131565	0.0
62329	195792	0.0
62329	251756	0.0
62329	593155	0.0
62329	650834	0.0
62347	62333	0.0
62389	1107325	0.0
62417	1107558	0.0
62417	41216	0.0
62607	294145	0.0
62634	243483	0.0
62676	14083	0.0
62676	312409	0.0
62718	127033	0.0
63486	509379	0.0
63486	83461	0.0
63486	96845	0.0
63549	1105344	0.0
63812	1105360	0.0
63812	1121057	0.0
63812	1125393	0.0
63835	1110531	0.0
63835	95586	0.0
63915	145215	0.0
63915	38000	0.0
63915	6935	0.0
63915	6939	0.0
63931	1117786	0.0
63931	136766	0.0
63931	136768	0.0
63931	13717	0.0
63931	6939	0.0
64271	1152244	0.0
64271	38829	0.0
64271	73327	0.0
64271	91852	0.0
64271	95188	0.0
64319	111866	0.0
64319	249858	0.0
64484	1105394	0.0
64519	154134	0.0
64519	37483	0.0
64519	63835	0.0
65057	1125909	0.0
65057	134307	0.0
65057	519353	0.0
65057	74698	0.0
65074	1110209	0.0
65074	1117920	0.0
65074	134307	0.0
65074	134316	0.0
65074	142268	0.0
65074	23070	0.0
65074	65057	0.0
65074	714748	0.0
65074	74698	0.0
65074	87915	0.0
65212	1105433	0.0
65212	1154042	0.0
65212	23116	0.0
65650	1105450	0.0
65650	1118764	0.0
65650	309476	0.0
65650	5038	0.0
65653	1105450	0.0
65653	1112319	0.0
66556	1129778	0.0
66556	141324	0.0
66556	54131	0.0
66556	593859	0.0
66556	66563	0.0
66563	1123530	0.0
66563	96845	0.0
66564	141324	0.0
66564	593859	0.0
66564	593942	0.0
66564	66563	0.0
66594	8821	0.0
66596	362926	0.0
66596	8821	0.0
66751	1135750	0.0
66751	1138043	0.0
66751	573535	0.0
66751	693143	0.0
66751	695284	0.0
66782	1105505	0.0
66782	51834	0.0
66794	1102646	0.0
66794	1105505	0.0
66794	1153031	0.0
66805	509315	0.0
66805	82090	0.0
66809	82090	0.0
66982	39210	0.0
66986	39210	0.0
66990	1117501	0.0
66990	1152490	0.0
66990	1153861	0.0
66990	390889	0.0
66990	39210	0.0
67245	31769	0.0
67245	67246	0.0
67246	31769	0.0
67292	1105530	0.0
67415	1110256	0.0
67415	1135746	0.0
67415	12195	0.0
67415	164	0.0
67415	171954	0.0
67415	38722	0.0
67415	51180	0.0
67584	1127558	0.0
67584	1127566	0.0
67584	562067	0.0
67633	1114777	0.0
67633	55801	0.0
68115	47684	0.0
68224	1105574	0.0
68224	1128425	0.0
68224	1130680	0.0
68224	582139	0.0
69198	231198	0.0
69198	411005	0.0
69198	8581	0.0
69284	206371	0.0
69284	69296	0.0
69296	206371	0.0
69392	1132461	0.0
70281	1105672	0.0
70281	1106630	0.0
70442	1107215	0.0
70442	70441	0.0
70444	1107215	0.0
70444	1108329	0.0
70444	128383	0.0
70444	70441	0.0
70444	70442	0.0
70520	27631	0.0
70520	36167	0.0
70970	1129683	0.0
70970	593068	0.0
70970	593329	0.0
71336	1105718	0.0
71736	1152259	0.0
71736	1152991	0.0
71904	239800	0.0
71904	95718	0.0
72056	1135122	0.0
72101	1118347	0.0
72406	1105764	0.0
72805	899085	0.0
72908	1127863	0.0
72908	6923	0.0
72908	93923	0.0
72908	954315	0.0
73119	14429	0.0
73119	14431	0.0
73146	1108389	0.0
73146	116790	0.0
73146	18774	0.0
73146	35778	0.0
73162	1134320	0.0
73162	1134348	0.0
73162	189774	0.0
73162	519353	0.0
73162	521855	0.0
73162	559804	0.0
73162	653441	0.0
73162	714260	0.0
73162	714748	0.0
73162	714879	0.0
73323	1105810	0.0
73323	28447	0.0
73327	1105810	0.0
73327	1106236	0.0
73327	1153166	0.0
73327	1153724	0.0
73327	1153728	0.0
73712	1112194	0.0
73712	52003	0.0
73972	50980	0.0
74427	1106771	0.0
74427	1116974	0.0
74427	34257	0.0
74427	34266	0.0
74427	368605	0.0
74427	87482	0.0
74698	134307	0.0
74698	23070	0.0
74700	134307	0.0
74700	23069	0.0
74749	10186	0.0
74749	1113852	0.0
74749	2354	0.0
74821	1120252	0.0
74821	1131149	0.0
74821	1131150	0.0
74920	1105877	0.0
74921	1105877	0.0
74937	1105877	0.0
74937	74920	0.0
74937	74921	0.0
74975	1107041	0.0
74975	1128407	0.0
74975	38845	0.0
74975	38846	0.0
74975	3932	0.0
75121	1105887	0.0
75121	1106388	0.0
75121	22431	0.0
75121	417017	0.0
75318	103430	0.0
75318	1121569	0.0
75318	141171	0.0
75674	1109957	0.0
75674	686015	0.0
75693	214472	0.0
75694	214472	0.0
75695	1113035	0.0
75695	1120059	0.0
75695	139547	0.0
75695	911198	0.0
75969	1105932	0.0
75969	1128856	0.0
75969	1128935	0.0
75969	1153811	0.0
75969	591017	0.0
75969	592830	0.0
75972	1105932	0.0
75972	1128935	0.0
75972	592830	0.0
75983	1106568	0.0
75983	1115790	0.0
77108	1138043	0.0
77108	77112	0.0
77438	106590	0.0
77438	1129994	0.0
77438	1152633	0.0
77438	1153262	0.0
77438	158172	0.0
77438	293974	0.0
77438	37888	0.0
77438	589923	0.0
77438	590022	0.0
77515	9513	0.0
77758	1129907	0.0
77758	1131745	0.0
77758	180373	0.0
77758	25772	0.0
77758	289885	0.0
77758	294030	0.0
77758	424	0.0
77758	613409	0.0
77758	910	0.0
77826	3112	0.0
77826	470511	0.0
77829	3112	0.0
77829	470511	0.0
78508	1120138	0.0
78511	575402	0.0
78511	735303	0.0
78511	9586	0.0
78552	33818	0.0
78552	78511	0.0
78552	78557	0.0
78552	9586	0.0
78555	1120138	0.0
78555	33818	0.0
78555	78557	0.0
78557	1120138	0.0
78557	33818	0.0
78557	78511	0.0
78557	78549	0.0
78557	9586	0.0
78994	662279	0.0
78994	662572	0.0
79809	1121659	0.0
79809	1131466	0.0
79809	11342	0.0
79809	1153275	0.0
79809	31863	0.0
79809	358866	0.0
79809	79817	0.0
79809	91581	0.0
79817	1131466	0.0
80491	314459	0.0
80491	7532	0.0
80491	80515	0.0
80515	1121603	0.0
80515	314459	0.0
80656	13652	0.0
80656	13654	0.0
80656	13656	0.0
81350	1106172	0.0
81350	892139	0.0
81714	81722	0.0
82090	82087	0.0
82098	82087	0.0
82664	1106236	0.0
82664	3097	0.0
82666	101143	0.0
82666	1106236	0.0
82666	3097	0.0
82920	1119708	0.0
82920	1125492	0.0
82920	1127913	0.0
82920	1128198	0.0
82920	1129367	0.0
82920	1129683	0.0
82920	1152358	0.0
82920	1152421	0.0
82920	1153280	0.0
82920	1153943	0.0
82920	1154459	0.0
82920	259702	0.0
82920	273152	0.0
82920	307015	0.0
82920	35	0.0
82920	513189	0.0
82920	573978	0.0
82920	576691	0.0
82920	608326	0.0
82920	70970	0.0
82920	81714	0.0
82920	84021	0.0
82920	98698	0.0
83449	218682	0.0
83449	22869	0.0
83449	22874	0.0
83461	954315	0.0
83725	12576	0.0
83725	56112	0.0
83725	56115	0.0
83725	56119	0.0
83725	62718	0.0
83746	294239	0.0
83826	1106287	0.0
83847	1106287	0.0
83847	1117501	0.0
83847	1130678	0.0
83847	66986	0.0
84020	1106298	0.0
84020	1106492	0.0
84021	1106298	0.0
84021	1133047	0.0
84021	18582	0.0
84021	263279	0.0
84021	415693	0.0
84021	509233	0.0
84021	98698	0.0
85299	23258	0.0
85299	299197	0.0
85299	575292	0.0
85324	299197	0.0
85324	628751	0.0
85352	1114331	0.0
85352	1127430	0.0
85352	1129027	0.0
85352	1152421	0.0
85352	1153280	0.0
85352	1153943	0.0
85352	1154459	0.0
85352	152483	0.0
85352	561238	0.0
85352	574462	0.0
85352	576691	0.0
85352	577086	0.0
85352	593091	0.0
85352	640617	0.0
85352	66556	0.0
85352	682815	0.0
85449	1120169	0.0
85449	1152290	0.0
85452	1120169	0.0
85452	1152290	0.0
85688	6539	0.0
85688	75121	0.0
85688	8224	0.0
85688	8703	0.0
85688	97892	0.0
86258	1106418	0.0
86359	1133469	0.0
86359	1152740	0.0
86359	1152944	0.0
86359	18834	0.0
86923	1114184	0.0
86923	18532	0.0
87363	593328	0.0
87417	1128453	0.0
87417	289779	0.0
87417	289780	0.0
87417	289781	0.0
87417	801170	0.0
87482	34266	0.0
87915	1110209	0.0
87915	1153786	0.0
87915	142268	0.0
87915	23070	0.0
89308	101145	0.0
89308	103528	0.0
89335	59244	0.0
89416	1106546	0.0
89416	1153024	0.0
89416	137130	0.0
89416	506	0.0
89416	65074	0.0
89547	1112319	0.0
89547	1116328	0.0
89547	1132385	0.0
89547	1152379	0.0
89547	237376	0.0
89547	28471	0.0
89547	45188	0.0
89547	45189	0.0
89547	66805	0.0
89547	6771	0.0
89547	91975	0.0
89547	976284	0.0
90470	106590	0.0
90470	1129994	0.0
90655	1122642	0.0
90655	34263	0.0
90888	1113934	0.0
90888	13885	0.0
90888	340075	0.0
91038	52515	0.0
91581	31863	0.0
91581	358894	0.0
91852	20178	0.0
91853	1110579	0.0
91853	1116397	0.0
91853	1116410	0.0
91853	20178	0.0
91975	1113459	0.0
92065	1106671	0.0
92589	1131137	0.0
92589	173884	0.0
92589	39165	0.0
93273	248119	0.0
93273	989397	0.0
93318	1126050	0.0
93555	1152958	0.0
93555	119761	0.0
93555	143801	0.0
93555	284023	0.0
93555	284025	0.0
93755	175576	0.0
93923	6941	0.0
94229	1111733	0.0
94229	1123087	0.0
94416	1106764	0.0
94639	141324	0.0
94639	593105	0.0
94639	593813	0.0
94639	593859	0.0
94639	593942	0.0
94639	62634	0.0
94641	1102550	0.0
94641	1129018	0.0
94641	1153897	0.0
94641	116553	0.0
94641	594387	0.0
94641	62634	0.0
95188	1110579	0.0
95188	1116410	0.0
95198	1110579	0.0
95225	42207	0.0
95586	95589	0.0
95588	95579	0.0
95594	1153287	0.0
95594	7430	0.0
95594	95589	0.0
95597	95579	0.0
95642	1107367	0.0
95642	28447	0.0
95642	990075	0.0
95718	32698	0.0
95719	32698	0.0
96847	594025	0.0
96851	594387	0.0
96851	96847	0.0
97377	211432	0.0
97377	3240	0.0
97377	39130	0.0
97390	100935	0.0
97390	1152358	0.0
97390	1153943	0.0
97390	33907	0.0
97390	98693	0.0
97645	33907	0.0
97645	593091	0.0
98693	1152358	0.0
98693	575331	0.0
98698	84021	0.0
99023	578306	0.0
99023	578309	0.0
99023	578347	0.0
99030	578337	0.0
100197	193931	0.0
100197	447250	0.0
100197	688361	0.0
100701	1107041	0.0
100935	1120643	0.0
100935	1134865	0.0
100961	60169	0.0
101143	101145	0.0
101143	596075	0.0
101261	101263	0.0
101263	1112099	0.0
101263	1139928	0.0
101263	28456	0.0
101660	1107095	0.0
101662	1107095	0.0
101811	101662	0.0
101811	1153064	0.0
101811	151430	0.0
101811	6935	0.0
102061	509315	0.0
102879	9513	0.0
102884	9513	0.0
102938	143676	0.0
102939	102938	0.0
102939	143676	0.0
103430	1154074	0.0
103430	75318	0.0
103482	1114388	0.0
103482	1119140	0.0
103482	1128990	0.0
103482	27510	0.0
103482	27514	0.0
103515	1113742	0.0
103515	1127913	0.0
103515	1128314	0.0
103515	1129778	0.0
103515	1153853	0.0
103515	246618	0.0
103515	459214	0.0
103515	54131	0.0
103515	575402	0.0
103528	103529	0.0
103528	1107171	0.0
103529	1107171	0.0
103531	1107171	0.0
103531	656048	0.0
103537	126912	0.0
103543	126912	0.0
103543	126927	0.0
105856	193931	0.0
105856	273949	0.0
105856	289085	0.0
105865	193931	0.0
105865	193932	0.0
105899	1111304	0.0
106590	1095507	0.0
106590	1129994	0.0
107177	1119751	0.0
107251	107252	0.0
107251	389715	0.0
107569	1107385	0.0
107569	1120777	0.0
108047	1107418	0.0
108047	1128319	0.0
108047	1153853	0.0
108047	1153899	0.0
108047	28336	0.0
108047	578645	0.0
108047	578646	0.0
108047	578649	0.0
108047	578898	0.0
108962	108963	0.0
108962	1095507	0.0
108962	159897	0.0
108962	310653	0.0
108963	108962	0.0
108963	1095507	0.0
108974	108962	0.0
108974	108963	0.0
108974	1125469	0.0
108974	1133417	0.0
108974	66794	0.0
108983	108962	0.0
108983	159897	0.0
108983	310653	0.0
108983	683404	0.0
109323	137849	0.0
110041	1152358	0.0
110041	287787	0.0
110162	110163	0.0
110162	110164	0.0
110163	110162	0.0
110163	110164	0.0
111676	89308	0.0
111770	1119623	0.0
111866	249858	0.0
112099	1114777	0.0
112378	1121459	0.0
112378	1131728	0.0
112378	141868	0.0
112378	145215	0.0
112378	654177	0.0
112787	1120444	0.0
114189	88356	0.0
114308	63835	0.0
114966	1125258	0.0
115188	1107728	0.0
116021	12960	0.0
116081	116087	0.0
116081	277263	0.0
116084	116087	0.0
116084	195150	0.0
116084	568045	0.0
116084	75972	0.0
116512	1107808	0.0
116528	1110438	0.0
116528	25772	0.0
116528	3237	0.0
116545	1128291	0.0
116545	1128319	0.0
116545	116553	0.0
116545	246618	0.0
116545	578645	0.0
116545	578649	0.0
116552	116553	0.0
116552	246618	0.0
116553	246618	0.0
116790	345340	0.0
117315	28336	0.0
117316	117315	0.0
117328	1115166	0.0
117328	38829	0.0
117328	91852	0.0
117328	95188	0.0
118259	118260	0.0
118259	230300	0.0
118260	230300	0.0
118424	118436	0.0
118435	118436	0.0
118559	1108209	0.0
118559	1121739	0.0
118873	1109566	0.0
118873	1115959	0.0
118873	987188	0.0
119686	198443	0.0
119686	987188	0.0
119712	1114118	0.0
119761	143801	0.0
119761	284025	0.0
120084	1140543	0.0
120817	1109873	0.0
120817	1140543	0.0
121792	1152394	0.0
123556	141160	0.0
123556	14807	0.0
123556	50354	0.0
123825	1131464	0.0
123825	1131634	0.0
123825	1154276	0.0
123825	23448	0.0
123825	42847	0.0
123825	447250	0.0
123825	649730	0.0
123825	649739	0.0
124064	6163	0.0
124064	6220	0.0
124064	6224	0.0
124224	169279	0.0
124224	6898	0.0
124296	51834	0.0
124734	1108167	0.0
124734	25805	0.0
124828	1108169	0.0
124952	1119742	0.0
124952	1123756	0.0
124952	1126011	0.0
124952	1126012	0.0
124952	189721	0.0
126793	1131270	0.0
126793	16843	0.0
126867	1108258	0.0
126868	1108258	0.0
126868	126867	0.0
126909	103543	0.0
126912	103543	0.0
126912	66990	0.0
126920	103543	0.0
126920	126927	0.0
126920	645897	0.0
126926	103543	0.0
126926	126909	0.0
126927	103543	0.0
126927	126920	0.0
126927	644093	0.0
126927	645897	0.0
126927	646286	0.0
127033	1108267	0.0
127033	416455	0.0
127033	574710	0.0
127940	1114364	0.0
127940	243274	0.0
128203	128202	0.0
128383	1108329	0.0
128540	387795	0.0
129042	1108363	0.0
129042	1121313	0.0
129042	129045	0.0
129045	1108363	0.0
129045	1121313	0.0
129287	907845	0.0
131042	40125	0.0
131117	152219	0.0
131117	212930	0.0
131122	212930	0.0
131315	411005	0.0
131317	411005	0.0
131318	411005	0.0
132806	45599	0.0
132806	48766	0.0
132806	593260	0.0
132821	695284	0.0
133550	1109891	0.0
133550	133566	0.0
133550	140569	0.0
133553	105856	0.0
133553	1120049	0.0
133563	105856	0.0
133563	1120049	0.0
133563	133566	0.0
133566	1152714	0.0
133567	1152714	0.0
133567	133566	0.0
133615	1128531	0.0
133615	1153866	0.0
133615	55403	0.0
133628	1108570	0.0
134060	481073	0.0
134128	1113182	0.0
134128	1113614	0.0
134128	1117760	0.0
134199	1114331	0.0
134199	164885	0.0
134199	447224	0.0
134219	1112075	0.0
134219	447224	0.0
134219	503893	0.0
134219	81714	0.0
134307	134316	0.0
134314	1116044	0.0
134314	134316	0.0
134315	23069	0.0
134316	1117920	0.0
134316	142268	0.0
134320	23069	0.0
135130	1105221	0.0
135130	416455	0.0
135130	574710	0.0
135464	1133004	0.0
135464	1135589	0.0
135464	120084	0.0
135464	237489	0.0
135464	8581	0.0
135765	6917	0.0
135766	135765	0.0
135766	449841	0.0
135766	6917	0.0
135798	1108656	0.0
136665	23258	0.0
136766	348437	0.0
136767	136766	0.0
136767	348437	0.0
136768	136766	0.0
137130	23070	0.0
137130	65074	0.0
137359	1108728	0.0
137359	1118286	0.0
137359	1153101	0.0
137359	1153150	0.0
137380	1108728	0.0
137380	37541	0.0
137380	85449	0.0
137790	10186	0.0
137790	1113852	0.0
137790	128203	0.0
137790	2354	0.0
137790	74749	0.0
137849	1115291	0.0
137849	17242	0.0
137868	1110000	0.0
137868	1131277	0.0
137868	1131300	0.0
137868	1154068	0.0
137868	642827	0.0
137868	91581	0.0
137956	13024	0.0
139738	1108834	0.0
139865	1108841	0.0
139865	1110563	0.0
140005	86840	0.0
141160	1109891	0.0
141160	1131345	0.0
141160	133553	0.0
141160	917493	0.0
141171	1121569	0.0
141324	1113438	0.0
141324	503877	0.0
141342	1119708	0.0
141342	35061	0.0
141342	40	0.0
141342	575292	0.0
141342	608191	0.0
141342	70970	0.0
141342	78511	0.0
141347	1119708	0.0
141596	40125	0.0
141868	429805	0.0
142268	1110209	0.0
142268	1117920	0.0
142268	134316	0.0
143323	1130539	0.0
143323	154134	0.0
143323	217139	0.0
143323	3084	0.0
143323	84021	0.0
143476	1112686	0.0
143676	102938	0.0
143801	284025	0.0
144212	1131549	0.0
144330	63486	0.0
144408	219446	0.0
144408	3229	0.0
144679	1114239	0.0
144701	1112911	0.0
144701	1128975	0.0
144701	1128997	0.0
144701	1136342	0.0
144701	22229	0.0
144701	595063	0.0
145134	129287	0.0
145134	641976	0.0
145176	1112723	0.0
145176	1132418	0.0
145176	40124	0.0
145215	141868	0.0
145215	429805	0.0
145215	654177	0.0
145315	294126	0.0
145315	649944	0.0
145384	1153287	0.0
145384	7430	0.0
145384	95589	0.0
147870	1109185	0.0
147870	1132434	0.0
147870	636500	0.0
148170	1109199	0.0
148170	1128997	0.0
148341	1109208	0.0
148341	1131116	0.0
149139	1123215	0.0
149669	589923	0.0
151430	1115670	0.0
151708	1120786	0.0
152226	1102400	0.0
152227	1139928	0.0
152227	152226	0.0
152227	987197	0.0
152483	583318	0.0
152483	593091	0.0
152731	1109392	0.0
152731	23507	0.0
153063	1131223	0.0
153063	440815	0.0
153063	561568	0.0
153063	561581	0.0
153063	561593	0.0
153063	561595	0.0
153063	561610	0.0
153063	561613	0.0
153063	645084	0.0
153598	1113459	0.0
154023	1112106	0.0
154023	1133846	0.0
154023	154047	0.0
154047	1112106	0.0
154047	1133846	0.0
154047	154023	0.0
154982	1121867	0.0
154982	1130927	0.0
154982	1130931	0.0
154982	1130934	0.0
154982	1133028	0.0
154982	129897	0.0
155158	397590	0.0
155158	8687	0.0
155736	155738	0.0
155738	155736	0.0
155738	157761	0.0
156794	1109581	0.0
156977	1152490	0.0
156977	1153861	0.0
156977	390889	0.0
156977	395547	0.0
157401	1118017	0.0
157761	219239	0.0
157805	6539	0.0
158172	445938	0.0
158614	10169	0.0
158812	1127812	0.0
159084	1152711	0.0
159084	159085	0.0
159084	241821	0.0
159085	1152711	0.0
159085	241821	0.0
159897	310653	0.0
159897	683355	0.0
160732	1128853	0.0
160732	75969	0.0
161221	1153922	0.0
162075	1109830	0.0
162075	162080	0.0
162075	737204	0.0
162080	1109830	0.0
162080	1135345	0.0
162080	162075	0.0
162080	739707	0.0
162664	118682	0.0
162664	39165	0.0
162664	510718	0.0
162664	531348	0.0
162664	531351	0.0
163235	1109873	0.0
164885	447224	0.0
166420	1119751	0.0
166825	1110024	0.0
166825	1118388	0.0
166989	1110028	0.0
166989	1121063	0.0
166989	25805	0.0
167670	1123068	0.0
168332	86359	0.0
169279	1132083	0.0
169279	1154103	0.0
169280	1132083	0.0
169280	1154103	0.0
170798	656231	0.0
171954	1110256	0.0
171954	1135750	0.0
171954	1138755	0.0
171954	820662	0.0
173863	116790	0.0
174418	307336	0.0
174418	636511	0.0
174425	174418	0.0
174425	636511	0.0
175256	1120643	0.0
175256	1133196	0.0
175256	682815	0.0
175291	52784	0.0
175548	105856	0.0
175548	1120049	0.0
175548	689152	0.0
175548	753070	0.0
175909	112787	0.0
175909	1153891	0.0
175909	221302	0.0
177115	5069	0.0
177993	1110515	0.0
177998	1110515	0.0
177998	583318	0.0
178209	1000012	0.0
178209	116084	0.0
178209	195150	0.0
178209	568045	0.0
178209	75972	0.0
178718	1110546	0.0
178718	69296	0.0
178727	1110546	0.0
179180	1110563	0.0
179180	1126037	0.0
179180	139865	0.0
179702	1121569	0.0
179702	1152859	0.0
179702	141171	0.0
179702	424540	0.0
179706	141171	0.0
180187	1131719	0.0
180301	1110628	0.0
180373	180399	0.0
180399	1120084	0.0
180399	385572	0.0
182093	197054	0.0
182094	1131550	0.0
182094	197054	0.0
182094	650814	0.0
184157	95435	0.0
184918	171225	0.0
184918	330148	0.0
187260	1110950	0.0
187354	1117786	0.0
187354	1127851	0.0
187354	372862	0.0
188318	1110998	0.0
188471	628500	0.0
189566	1153014	0.0
189566	189856	0.0
189566	310742	0.0
189566	36802	0.0
189566	90470	0.0
189571	1154232	0.0
189571	189572	0.0
189571	521855	0.0
189571	714748	0.0
189572	1134348	0.0
189574	1123689	0.0
189620	1129994	0.0
189620	1133417	0.0
189623	683355	0.0
189655	559804	0.0
189655	714260	0.0
189655	714748	0.0
189708	149669	0.0
189721	1129518	0.0
189774	1134346	0.0
189774	714879	0.0
189856	1129518	0.0
189856	1129994	0.0
189856	683355	0.0
189856	683404	0.0
190698	1114502	0.0
190698	190697	0.0
190698	198443	0.0
190706	144212	0.0
190706	182094	0.0
191222	191216	0.0
191222	708945	0.0
192850	272720	0.0
192870	1111186	0.0
192870	1114398	0.0
193347	1129835	0.0
193347	1131719	0.0
193347	193354	0.0
193347	612306	0.0
193352	1129835	0.0
193352	1131719	0.0
193352	193347	0.0
193352	193354	0.0
193352	612306	0.0
193354	1129835	0.0
193742	1111230	0.0
193742	6152	0.0
193918	1111240	0.0
193931	1111240	0.0
193931	193932	0.0
193932	1111240	0.0
194223	1126044	0.0
194223	390922	0.0
194609	1128868	0.0
194609	1129572	0.0
194609	1154520	0.0
194609	126128	0.0
194609	215912	0.0
194609	31927	0.0
194609	563613	0.0
194617	1124844	0.0
194617	1129572	0.0
194617	215912	0.0
194617	31932	0.0
194645	248823	0.0
195150	568045	0.0
195361	1111304	0.0
195792	1128974	0.0
195792	19045	0.0
195792	377303	0.0
195792	593210	0.0
195792	682815	0.0
197054	1125092	0.0
197452	1135894	0.0
197452	424	0.0
198443	190697	0.0
198653	1113551	0.0
198653	1130539	0.0
198653	1152896	0.0
198653	3084	0.0
198653	887	0.0
198866	1153728	0.0
198866	73327	0.0
199571	46431	0.0
200630	643734	0.0
202520	1115701	0.0
202520	446271	0.0
202522	446271	0.0
202639	1117348	0.0
202639	1123087	0.0
202639	1154123	0.0
202639	1154124	0.0
202639	144408	0.0
202639	242637	0.0
202639	40131	0.0
202639	643597	0.0
202639	672064	0.0
203646	1116569	0.0
205192	1132968	0.0
205192	578337	0.0
205192	99030	0.0
205196	1112929	0.0
205196	1130568	0.0
205196	1130586	0.0
205196	628751	0.0
205196	628764	0.0
205196	628766	0.0
205196	815096	0.0
205196	950986	0.0
206371	69296	0.0
206524	48075	0.0
208345	1114777	0.0
208345	55801	0.0
210309	1111978	0.0
210871	1117476	0.0
210871	1128151	0.0
210871	1129629	0.0
210871	198653	0.0
210871	273152	0.0
210871	35	0.0
210871	38205	0.0
210871	568857	0.0
210871	575077	0.0
210871	595157	0.0
210871	59715	0.0
210871	81714	0.0
210871	887	0.0
210872	1129610	0.0
210872	210871	0.0
210872	273152	0.0
210872	35	0.0
210872	593260	0.0
210872	606479	0.0
212097	1112071	0.0
212107	1112071	0.0
213246	1122642	0.0
213246	34263	0.0
213279	197783	0.0
215912	31932	0.0
216877	1117618	0.0
216877	334153	0.0
216878	1117618	0.0
216878	334153	0.0
216878	711527	0.0
217115	1112319	0.0
217139	154134	0.0
217984	1112369	0.0
218410	1152663	0.0
218410	134128	0.0
218682	22874	0.0
219218	1112417	0.0
219239	12247	0.0
219239	157761	0.0
219446	1112426	0.0
219446	1127812	0.0
219446	249421	0.0
219446	567018	0.0
219976	1116410	0.0
220420	1128227	0.0
221302	1153891	0.0
226698	1112767	0.0
226698	1122304	0.0
227178	1114502	0.0
227178	1128946	0.0
227178	1128985	0.0
227178	593240	0.0
227178	96847	0.0
227286	1115790	0.0
228990	228992	0.0
230300	118260	0.0
230879	1130808	0.0
230879	1132486	0.0
230879	1132948	0.0
230879	1133428	0.0
230879	1140230	0.0
230879	205192	0.0
230879	230884	0.0
230879	236759	0.0
230879	2658	0.0
230879	578309	0.0
230879	578337	0.0
230879	696342	0.0
230879	696343	0.0
230879	696345	0.0
230879	696346	0.0
230879	751408	0.0
230879	851968	0.0
230879	99030	0.0
230884	1131607	0.0
230884	1132486	0.0
230884	1135899	0.0
230884	751408	0.0
231198	1153195	0.0
231198	1153922	0.0
231198	144408	0.0
231249	1125492	0.0
231249	1127913	0.0
232605	25413	0.0
232606	1132809	0.0
232606	232605	0.0
232606	25413	0.0
232860	1113084	0.0
233106	12275	0.0
233106	630890	0.0
235678	235670	0.0
235678	235679	0.0
235678	689439	0.0
235679	1154524	0.0
235679	235670	0.0
235679	235678	0.0
235679	57773	0.0
235679	689439	0.0
235683	1154524	0.0
235683	235670	0.0
235683	235678	0.0
235683	235679	0.0
235683	57773	0.0
237489	1120059	0.0
237489	2665	0.0
237521	2665	0.0
238099	1127851	0.0
238401	1125386	0.0
239800	95718	0.0
239810	359067	0.0
240321	1132434	0.0
240321	1132459	0.0
240321	1136397	0.0
240321	1154123	0.0
240321	1154124	0.0
240321	428610	0.0
240321	447250	0.0
240321	675649	0.0
240321	675847	0.0
240321	69392	0.0
240791	1113438	0.0
240791	45605	0.0
240791	503871	0.0
240791	650834	0.0
241133	1113459	0.0
241821	1152711	0.0
241821	159085	0.0
242637	1113541	0.0
243483	459214	0.0
245288	1122460	0.0
246618	1113742	0.0
246618	116553	0.0
248395	1113828	0.0
248395	58552	0.0
248425	1113831	0.0
248425	1121398	0.0
248425	592975	0.0
248425	594387	0.0
248431	1113831	0.0
248823	682666	0.0
249421	1127812	0.0
249421	567018	0.0
249858	111866	0.0
250566	1113926	0.0
251756	1102550	0.0
251756	195792	0.0
252715	601561	0.0
253762	23116	0.0
253971	1129621	0.0
254923	108047	0.0
254923	444240	0.0
255233	33303	0.0
255628	1135589	0.0
255628	1140543	0.0
255628	120084	0.0
256106	1114192	0.0
258259	168958	0.0
259701	1114331	0.0
259702	1114331	0.0
259702	1131116	0.0
259772	1114336	0.0
260121	1114352	0.0
260979	1114388	0.0
261040	110164	0.0
261040	1117184	0.0
262108	1114442	0.0
262121	1114442	0.0
262178	1114442	0.0
262178	1138968	0.0
262178	85449	0.0
263069	1131116	0.0
263069	148341	0.0
263279	1114502	0.0
263482	1114512	0.0
263482	1118302	0.0
263482	263486	0.0
263486	1114512	0.0
263498	1152761	0.0
263498	1153860	0.0
263553	1117219	0.0
263553	662416	0.0
263553	6910	0.0
264347	1153183	0.0
264556	120084	0.0
264556	289085	0.0
264556	335042	0.0
265203	86359	0.0
267003	75121	0.0
267824	1153195	0.0
267824	69198	0.0
270456	203646	0.0
270456	63549	0.0
270600	1114838	0.0
270600	1153003	0.0
272720	192850	0.0
273152	210871	0.0
273949	1114992	0.0
278394	627024	0.0
278394	851968	0.0
278403	627024	0.0
280876	1115291	0.0
282700	1115375	0.0
284023	1152958	0.0
284023	1152959	0.0
284023	119761	0.0
284023	346292	0.0
284025	119761	0.0
284025	949217	0.0
284414	1115456	0.0
285687	285675	0.0
286513	1131557	0.0
286513	177993	0.0
287787	1123756	0.0
287787	1130847	0.0
287787	1130856	0.0
287787	415693	0.0
287787	503883	0.0
287787	634902	0.0
287787	634904	0.0
287787	634938	0.0
287787	634975	0.0
287787	647447	0.0
288107	1123215	0.0
289085	689152	0.0
289088	689152	0.0
289779	289780	0.0
289779	801170	0.0
289780	1128453	0.0
289780	1153784	0.0
289780	801170	0.0
289781	1128453	0.0
289781	1153784	0.0
289781	289780	0.0
289781	801170	0.0
289885	1115701	0.0
289885	20924	0.0
289945	48550	0.0
292277	578845	0.0
293271	293285	0.0
293974	1125469	0.0
294030	20924	0.0
294126	649944	0.0
300806	1133010	0.0
300806	29723	0.0
300806	396412	0.0
300806	6818	0.0
302545	1152858	0.0
307015	1131198	0.0
307015	335733	0.0
307015	39474	0.0
307015	643199	0.0
307336	285675	0.0
307336	708945	0.0
307656	1131360	0.0
307656	270085	0.0
310530	38839	0.0
310653	159897	0.0
314459	1121603	0.0
315789	1138027	0.0
315789	1139195	0.0
318071	1153014	0.0
318187	1116922	0.0
321004	1117049	0.0
321861	1117089	0.0
325314	1122704	0.0
330148	184918	0.0
330148	23502	0.0
330208	469504	0.0
330208	99025	0.0
334153	1117618	0.0
335042	1117653	0.0
335042	289085	0.0
335733	643199	0.0
337766	110162	0.0
340078	928873	0.0
340078	949217	0.0
340299	74427	0.0
341188	1117942	0.0
341188	682666	0.0
342802	2695	0.0
346243	521251	0.0
346292	1152958	0.0
346292	284023	0.0
348305	193352	0.0
350319	193932	0.0
354004	1118546	0.0
358866	358894	0.0
358866	79809	0.0
358884	358894	0.0
358887	358894	0.0
358887	79809	0.0
360028	1118823	0.0
365294	7430	0.0
367312	1119211	0.0
367312	746058	0.0
368431	30901	0.0
368605	1153003	0.0
368657	400455	0.0
370366	1140040	0.0
370366	641956	0.0
370366	928873	0.0
375605	1119505	0.0
375825	1119623	0.0
376704	1119654	0.0
377303	1129572	0.0
379288	67633	0.0
380341	60560	0.0
384428	1120019	0.0
385067	272345	0.0
385572	1120084	0.0
387795	128540	0.0
389715	107251	0.0
389715	107252	0.0
390693	1131639	0.0
395540	1130676	0.0
395553	395547	0.0
395553	684972	0.0
395725	1135115	0.0
395725	1153933	0.0
397488	1120643	0.0
397488	1134865	0.0
397590	1120650	0.0
399339	1120731	0.0
399370	60159	0.0
400356	1120777	0.0
400356	66990	0.0
400455	368657	0.0
400473	131117	0.0
408885	1154173	0.0
409255	1153097	0.0
415693	254923	0.0
416867	1121537	0.0
416964	127940	0.0
421481	375825	0.0
423816	1134865	0.0
423816	48781	0.0
424540	48555	0.0
427606	1050679	0.0
427606	1131634	0.0
427606	1138968	0.0
427606	62329	0.0
430329	127940	0.0
430574	1105622	0.0
430711	1132416	0.0
430711	671052	0.0
431206	662572	0.0
440815	645571	0.0
444191	1154068	0.0
444191	6910	0.0
445938	315266	0.0
446610	300071	0.0
447224	164885	0.0
449841	1123093	0.0
458439	1123493	0.0
459206	1123530	0.0
459213	1123530	0.0
459214	1123530	0.0
459216	1123530	0.0
459216	593210	0.0
466170	66794	0.0
467383	1128977	0.0
467383	116553	0.0
486840	1128975	0.0
486840	595063	0.0
503877	1131374	0.0
503877	1153577	0.0
503877	1154076	0.0
503883	1131374	0.0
503883	1153577	0.0
503883	1154076	0.0
503883	577331	0.0
503883	646809	0.0
503883	646836	0.0
503883	646913	0.0
503883	647413	0.0
503883	647447	0.0
503893	1153577	0.0
503893	33904	0.0
503893	646837	0.0
509379	1125393	0.0
513189	1125597	0.0
513189	573964	0.0
513189	576691	0.0
513189	787016	0.0
519318	1125906	0.0
519353	1125909	0.0
520471	1125953	0.0
521183	1125992	0.0
521183	521207	0.0
521183	521251	0.0
521207	521269	0.0
521251	1125992	0.0
521252	1125992	0.0
521269	1125993	0.0
521855	519353	0.0
522338	1132864	0.0
522338	683360	0.0
523010	1126044	0.0
523010	1140543	0.0
523394	714975	0.0
523574	1154229	0.0
523574	523394	0.0
523574	653441	0.0
523574	714289	0.0
529165	1126315	0.0
531348	531351	0.0
531351	531348	0.0
545647	582511	0.0
559804	653441	0.0
559804	714289	0.0
560936	562123	0.0
560936	91581	0.0
561364	642827	0.0
561568	153063	0.0
561581	561582	0.0
561581	646440	0.0
561582	561581	0.0
561593	1131223	0.0
561595	561581	0.0
561595	561582	0.0
561610	561595	0.0
561611	561595	0.0
561611	561610	0.0
561613	153063	0.0
561613	561568	0.0
561674	1127541	0.0
561674	561581	0.0
561674	562067	0.0
561789	1127551	0.0
561789	561674	0.0
561789	562067	0.0
561809	1127558	0.0
561809	1131300	0.0
561809	562067	0.0
562067	1127566	0.0
562123	560936	0.0
562940	1127619	0.0
562940	61417	0.0
563613	1129572	0.0
563613	31927	0.0
566653	3085	0.0
566653	566664	0.0
566664	3085	0.0
567005	1127810	0.0
567018	1127812	0.0
568857	1129629	0.0
568857	1153816	0.0
573535	693143	0.0
573553	1129608	0.0
573553	1135750	0.0
573553	1138970	0.0
573553	171954	0.0
573553	820662	0.0
573964	513189	0.0
573964	576691	0.0
573964	787016	0.0
574009	594900	0.0
574264	576795	0.0
574264	815096	0.0
575077	117316	0.0
575077	579008	0.0
575077	593544	0.0
575077	594649	0.0
575077	608190	0.0
575077	608191	0.0
575077	66556	0.0
575077	94641	0.0
575292	1131734	0.0
575292	1138968	0.0
575402	1129778	0.0
575795	1128975	0.0
575795	595063	0.0
576257	1153943	0.0
576257	594649	0.0
576362	1129629	0.0
576362	286500	0.0
576362	568857	0.0
576691	1128198	0.0
576725	576795	0.0
576795	1128201	0.0
576973	1128208	0.0
576973	58758	0.0
577227	1131752	0.0
577331	1128227	0.0
578306	578347	0.0
578309	578347	0.0
578337	1132486	0.0
578337	236759	0.0
578337	696345	0.0
578337	696346	0.0
578337	99023	0.0
578347	578309	0.0
578365	578306	0.0
578365	578309	0.0
578646	1128291	0.0
578646	1128319	0.0
578646	1153899	0.0
578646	1153900	0.0
578646	578645	0.0
578646	578649	0.0
578650	1128291	0.0
578650	1153853	0.0
578650	578649	0.0
578669	1128943	0.0
578669	1128978	0.0
578845	578645	0.0
578845	593240	0.0
578845	593559	0.0
578845	593560	0.0
578898	578646	0.0
579008	1128943	0.0
579008	1128978	0.0
579008	248425	0.0
579008	593921	0.0
579008	594387	0.0
579108	1128314	0.0
582139	1128425	0.0
582139	1130680	0.0
582343	1128437	0.0
582349	1128437	0.0
582511	545647	0.0
589923	590022	0.0
591016	1128856	0.0
591016	591017	0.0
591017	1128856	0.0
592826	1128935	0.0
592830	1128935	0.0
592973	592975	0.0
592973	592986	0.0
592975	592986	0.0
592986	592975	0.0
592993	1128943	0.0
592993	1128978	0.0
592993	593105	0.0
592996	1128943	0.0
592996	1128978	0.0
593022	1128946	0.0
593060	1128977	0.0
593091	593248	0.0
593104	1129015	0.0
593104	593921	0.0
593104	593942	0.0
593155	593240	0.0
593201	594649	0.0
593209	593210	0.0
593240	1136791	0.0
593240	593210	0.0
593328	87363	0.0
593329	87363	0.0
593544	1128982	0.0
593559	593560	0.0
593560	593559	0.0
593942	1129015	0.0
593942	1153896	0.0
594011	1153896	0.0
594011	593942	0.0
594039	1129015	0.0
594047	1129629	0.0
594047	650834	0.0
594119	1129021	0.0
594483	1129040	0.0
594511	1153899	0.0
594511	1153900	0.0
601462	1129367	0.0
601462	1129368	0.0
601462	1129369	0.0
604073	1129494	0.0
606479	1129610	0.0
608190	608191	0.0
608190	70970	0.0
608191	70970	0.0
608326	1129683	0.0
608326	1131611	0.0
610529	1153946	0.0
612306	1131719	0.0
612306	193347	0.0
613409	1129907	0.0
616336	689439	0.0
617378	1130069	0.0
617575	1130080	0.0
621555	1130243	0.0
626530	1130454	0.0
626530	1154012	0.0
626530	626531	0.0
626530	626574	0.0
626531	1130454	0.0
626531	626574	0.0
626574	1154012	0.0
626999	139547	0.0
626999	911198	0.0
627024	911198	0.0
628458	628459	0.0
628500	1130600	0.0
628500	188471	0.0
628667	628668	0.0
628751	628764	0.0
628751	950986	0.0
628815	1130567	0.0
628888	628764	0.0
630817	1130676	0.0
630890	1130678	0.0
631015	396412	0.0
631015	631052	0.0
632796	884094	0.0
632874	40583	0.0
633030	633031	0.0
633031	633030	0.0
633081	1130780	0.0
633081	31489	0.0
633081	40605	0.0
633081	632796	0.0
633081	632874	0.0
633585	40605	0.0
633585	633721	0.0
633585	884094	0.0
633721	1130915	0.0
634902	634975	0.0
634904	634975	0.0
634938	1130847	0.0
640617	259702	0.0
641956	1131149	0.0
641956	1131150	0.0
641976	1131150	0.0
641976	672070	0.0
641976	672071	0.0
642593	1131163	0.0
642621	1131164	0.0
642621	1131258	0.0
642621	16819	0.0
642641	645084	0.0
642681	1131167	0.0
642681	1131236	0.0
642681	644093	0.0
642681	644334	0.0
642681	644441	0.0
642681	646286	0.0
642798	1131172	0.0
642798	644470	0.0
642847	642681	0.0
642894	1131180	0.0
642894	1131236	0.0
642894	1131301	0.0
642894	1131312	0.0
642894	1131335	0.0
642894	642798	0.0
642894	643239	0.0
642894	643485	0.0
642894	645046	0.0
642894	645870	0.0
642894	646286	0.0
642894	646334	0.0
642894	646357	0.0
642920	1131184	0.0
642920	642930	0.0
642930	1131184	0.0
643003	1131189	0.0
643069	1131192	0.0
643199	1131198	0.0
643221	1131236	0.0
643221	1131257	0.0
643221	1131305	0.0
643221	1131312	0.0
643221	1131334	0.0
643221	1131335	0.0
643221	126927	0.0
643221	16819	0.0
643221	642894	0.0
643221	643239	0.0
643221	643485	0.0
643221	644093	0.0
643221	644448	0.0
643221	644577	0.0
643221	645897	0.0
643221	646286	0.0
643239	1131312	0.0
643239	1131334	0.0
643239	126927	0.0
643239	16819	0.0
643239	643221	0.0
643239	644093	0.0
643485	643221	0.0
643695	1154068	0.0
643695	643597	0.0
643734	643777	0.0
643735	643734	0.0
644093	1131236	0.0
644361	645016	0.0
644363	645016	0.0
644427	1131257	0.0
644427	644577	0.0
644441	1131258	0.0
644441	644334	0.0
644448	1131258	0.0
644448	1131314	0.0
644448	644470	0.0
644448	644494	0.0
644494	1131314	0.0
644494	644470	0.0
644577	1131301	0.0
644577	1131305	0.0
644577	1131334	0.0
644577	643485	0.0
644577	645897	0.0
644843	1131274	0.0
644843	645016	0.0
645016	1154071	0.0
645046	1131301	0.0
645046	646334	0.0
645046	646357	0.0
645084	1131277	0.0
645088	1131277	0.0
645088	645084	0.0
645452	645016	0.0
645571	645897	0.0
645870	1131301	0.0
645870	644494	0.0
645897	126927	0.0
646286	6913	0.0
646289	6913	0.0
646334	646357	0.0
646357	646334	0.0
646412	1131330	0.0
646809	1131374	0.0
646809	1154076	0.0
646809	646913	0.0
646900	1131359	0.0
646900	1131360	0.0
646900	1132731	0.0
646900	646913	0.0
646913	1131359	0.0
646913	647413	0.0
647315	1154076	0.0
647447	577331	0.0
648106	1131421	0.0
648106	648112	0.0
648112	1131420	0.0
648112	1131421	0.0
648112	648106	0.0
648112	648121	0.0
648121	1131420	0.0
648121	648106	0.0
648232	567005	0.0
648369	1131414	0.0
649730	1131464	0.0
649731	1131464	0.0
649731	123825	0.0
649739	1131464	0.0
650807	1131549	0.0
650807	1131565	0.0
650814	1131550	0.0
653441	1134346	0.0
653441	189774	0.0
653628	1133930	0.0
654177	1131728	0.0
654326	1131741	0.0
654326	654339	0.0
654339	1131741	0.0
654339	654326	0.0
654519	1131754	0.0
656048	1131828	0.0
656231	103531	0.0
662250	1132073	0.0
662416	1123188	0.0
662572	431206	0.0
671052	1132406	0.0
671269	1132418	0.0
671269	1132443	0.0
671269	1132461	0.0
671269	1154123	0.0
671269	1154124	0.0
671293	1132443	0.0
672064	6130	0.0
672070	1132443	0.0
672070	1154123	0.0
672070	1154124	0.0
672070	6130	0.0
672070	672071	0.0
672071	1132443	0.0
672071	1132461	0.0
672071	6130	0.0
672071	672070	0.0
675649	1132505	0.0
675756	1132505	0.0
675756	675649	0.0
675847	1132505	0.0
682508	1132857	0.0
683294	1132857	0.0
683294	682508	0.0
683355	683404	0.0
683360	683404	0.0
683404	683355	0.0
684531	684372	0.0
684972	395547	0.0
684986	395553	0.0
684986	684972	0.0
687401	273949	0.0
688824	1133008	0.0
688849	1133010	0.0
689152	289085	0.0
693143	573535	0.0
693143	695284	0.0
696343	1133428	0.0
696345	236759	0.0
696345	2658	0.0
696345	696342	0.0
696345	696346	0.0
709113	1134031	0.0
709518	1134056	0.0
711994	1134197	0.0
714208	189774	0.0
714256	1154232	0.0
714256	1154233	0.0
714256	189572	0.0
714256	714260	0.0
714256	714748	0.0
714260	559804	0.0
714260	714879	0.0
714289	1154230	0.0
714289	1154232	0.0
714289	189571	0.0
714289	559804	0.0
714289	714208	0.0
733167	1154276	0.0
733534	1135122	0.0
733534	948147	0.0
733576	1135082	0.0
734406	1135115	0.0
735303	735311	0.0
738941	1135455	0.0
738941	162080	0.0
739280	367312	0.0
739280	746058	0.0
739707	950305	0.0
739816	1135894	0.0
739816	1140543	0.0
739816	1140548	0.0
746058	367312	0.0
751408	1135899	0.0
752684	1135955	0.0
753047	1136631	0.0
753047	1136634	0.0
753047	753070	0.0
753047	753264	0.0
753047	753265	0.0
753047	767763	0.0
753070	753047	0.0
753070	753264	0.0
753070	767763	0.0
753264	753047	0.0
753264	767763	0.0
753265	753047	0.0
754594	1136040	0.0
755082	1136393	0.0
756061	1136110	0.0
756061	1136446	0.0
756061	1136447	0.0
762980	1136446	0.0
762980	1136447	0.0
763009	1136446	0.0
763009	1136447	0.0
763009	1136449	0.0
763010	1136446	0.0
763010	1136447	0.0
763010	1136449	0.0
763010	762980	0.0
767763	1136631	0.0
779960	1137140	0.0
787016	573978	0.0
814836	1138619	0.0
815073	205196	0.0
815096	205196	0.0
817774	820661	0.0
824245	1139009	0.0
851968	1140231	0.0
853114	19621	0.0
853114	853116	0.0
853114	853155	0.0
853115	19621	0.0
853115	853114	0.0
853115	853116	0.0
853115	853155	0.0
853116	19621	0.0
853116	853155	0.0
853118	1140289	0.0
853155	853118	0.0
954315	1155073	0.0
