id:int64	weight:float
31336	1.0
1061127	1.0
1106406	1.0
13195	1.0
37879	1.0
1126012	1.0
1107140	1.0
1102850	1.0
31349	1.0
1106418	1.0
1123188	1.0
1128990	1.0
109323	1.0
217139	1.0
31353	1.0
32083	1.0
1126029	1.0
1118017	1.0
49482	1.0
753265	1.0
249858	1.0
1113739	1.0
48766	1.0
646195	1.0
1126050	1.0
59626	1.0
340299	1.0
354004	1.0
242637	1.0
1106492	1.0
74975	1.0
1152272	1.0
100701	1.0
66982	1.0
13960	1.0
13966	1.0
66990	1.0
182093	1.0
182094	1.0
13972	1.0
13982	1.0
16819	1.0
273152	1.0
237521	1.0
1153703	1.0
32872	1.0
284025	1.0
218666	1.0
16843	1.0
1153724	1.0
1153728	1.0
158098	1.0
8699	1.0
1134865	1.0
28456	1.0
248425	1.0
1112319	1.0
28471	1.0
175548	1.0
696345	1.0
28485	1.0
1139195	1.0
35778	1.0
28491	1.0
310530	1.0
1153784	1.0
1481	1.0
1153786	1.0
13212	1.0
1111614	1.0
5055	1.0
4329	1.0
330148	1.0
1105062	1.0
4330	1.0
5062	1.0
4335	1.0
158812	1.0
40124	1.0
1103610	1.0
688361	1.0
302545	1.0
20534	1.0
1031453	1.0
5086	1.0
193742	1.0
58268	1.0
424	1.0
40151	1.0
636098	1.0
260121	1.0
950052	1.0
434	1.0
1131270	1.0
1131274	1.0
1131277	1.0
1110947	1.0
662279	1.0
1139928	1.0
153063	1.0
134199	1.0
641956	1.0
20584	1.0
1130567	1.0
171225	1.0
714879	1.0
37998	1.0
50336	1.0
50337	1.0
15429	1.0
23448	1.0
1122574	1.0
1110998	1.0
853150	1.0
15431	1.0
646286	1.0
1152307	1.0
1115291	1.0
1106547	1.0
68463	1.0
59715	1.0
69198	1.0
7272	1.0
163235	1.0
7276	1.0
34315	1.0
644843	1.0
7297	1.0
628815	1.0
35061	1.0
68495	1.0
1136310	1.0
18313	1.0
34355	1.0
45212	1.0
1153091	1.0
8703	1.0
126920	1.0
126927	1.0
595157	1.0
